1 0.1124556359375 0.8370896515625 0.1802778703125 0.8548382312499999 0.22375465 0.6579163718750001 0.1615231125 0.636709290625 0.1124556359375 0.8370896515625
1 0.181130371875 0.6048988 0.24624469843750002 0.6044507625 0.2817236890625 0.46250895156249994 0.2211972109375 0.460994246875 0.181130371875 0.6048988
1 0.18862751093750002 0.8527146515625 0.2680839296875 0.865441903125 0.30644576875 0.6654903171875 0.2382469109375 0.6503424250000001 0.18862751093750002 0.8527146515625
1 0.25529649062500004 0.5927805828125 0.3185103234375 0.59577020625 0.34310266875 0.4746273296875 0.2817236890625 0.46250895156249994 0.25529649062500004 0.5927805828125
1 0.33031528906249996 0.600354528125 0.3966353234375 0.5992424296875 0.41641640625000004 0.45947938437499997 0.36015224843750004 0.46402386875 0.33031528906249996 0.600354528125
1 0.404481646875 0.598839665625 0.4796431359375 0.600978540625 0.48205782499999994 0.456449815625 0.41812140624999994 0.46250895156249994 0.404481646875 0.598839665625
1 0.4914350859375 0.44736121874999996 0.4880251453125 0.59126571875 0.5597212609375 0.5888257625 0.559633765625 0.58823625625 0.54769924375 0.4458464078125 0.4914350859375 0.44736121874999996
1 0.5715688828125 0.58823625625 0.6446821984375 0.5836174296875 0.6210130421875 0.4367576515625 0.5570765640625 0.4428167875 0.5715688828125 0.58823625625
1 0.6517024421875 0.5806623109375 0.7179243859375 0.5714646515624999 0.6849492828125 0.43978721875 0.6252754828125 0.45190554374999997 0.6517024421875 0.5806623109375
1 0.7284262406249999 0.582177121875 0.7882368859375 0.576672984375 0.7480334390625 0.43372803125 0.69517928125 0.44736121874999996 0.7284262406249999 0.582177121875
1 0.7991824796875 0.5806623109375 0.8575728234375 0.576672984375 0.8119695609375001 0.4306984625 0.7591156406249999 0.4367576515625 0.7991824796875 0.5806623109375
1 0.9134156765625001 0.5639996609375 0.9571821984375 0.5575757625 0.9134156765625001 0.4367576515625 0.8614137203125001 0.4549351125 0.9134156765625001 0.5639996609375
1 0.7872477203125 0.8306018999999999 0.8683150109375 0.8127840953125001 0.80855991875 0.6139876109375 0.7412134406249999 0.6276205874999999 0.7872477203125 0.8306018999999999
1 0.6944868859375 0.8370896515625 0.7787227203125 0.823027953125 0.736098321875 0.62610588125 0.658522321875 0.62913534375 0.6944868859375 0.8370896515625
1 0.5860884484375 0.8579229843749999 0.6858019609375 0.84877930625 0.6551124421875001 0.633679828125 0.575831203125 0.6457981 0.5860884484375 0.8579229843749999
1 0.48973020468749995 0.633679828125 0.4894087609375 0.8596590953125001 0.5843559640625 0.8578680625 0.5681588843750001 0.638224153125 0.48973020468749995 0.633679828125
1 0.38316950781250003 0.868471525 0.3819868859375 0.8700757625 0.4752379453125 0.8669565015625 0.47694294531250003 0.6397389640625 0.3993667078125 0.6457981 0.38316950781250003 0.868471525
1 0.2823775109375 0.8544507625 0.3661196875 0.868471525 0.3925467078125 0.6533720453125 0.31667546875 0.6503424250000001 0.2823775109375 0.8544507625
0 0.9317915734375 0.7936868734375 0.8716438375 0.6094430734375 0.8162322390625001 0.6124728 0.8724960390625001 0.8078800609375 0.9317915734375 0.7936868734375
0 0.8520366375 0.562484903125 0.903185796875 0.55188123125 0.8546431359375 0.45514520625 0.8520366375 0.4428167875 0.8170846796875001 0.4428167875 0.8520366375 0.562484903125
0 0.9969592359374999 0.776069571875 0.9278853234375 0.607922984375 0.8801687171875001 0.61550236875 0.9432526359375 0.789702546875 0.9969592359374999 0.776069571875