1 0.2501817296875 0.598839665625 0.3136275109375 0.607922984375 0.3465126078125 0.47159770781250004 0.290248509375 0.4549351125 0.2501817296875 0.598839665625
1 0.1828353109375 0.6018693390625 0.24233844843750002 0.600978540625 0.284281009375 0.44736121874999996 0.227164590625 0.44433164999999997 0.1828353109375 0.6018693390625
1 0.32775778906249997 0.5973248546875001 0.3956587609375 0.6027146515624999 0.4095965265625 0.45947938437499997 0.3533324875 0.460994246875 0.32775778906249997 0.5973248546875001
1 0.4087439671875 0.595810096875 0.4767134484375 0.59577020625 0.48461520625 0.4534202484375 0.41897390625 0.45947938437499997 0.4087439671875 0.595810096875
1 0.486320265625 0.5973248546875001 0.5636275109375 0.59577020625 0.541731565625 0.4413020828125 0.486320265625 0.4413020828125 0.486320265625 0.5973248546875001
1 0.569863884375 0.5897510140625 0.644030121875 0.586721446875 0.613340484375 0.44433164999999997 0.551109125 0.4458464078125 0.569863884375 0.5897510140625
1 0.6517024421875 0.586721446875 0.7149946984375 0.58188131875 0.6823917234375 0.43978721875 0.6218654828125 0.44433164999999997 0.6517024421875 0.586721446875
1 0.723311240625 0.579147446875 0.7882368859375 0.5732007625 0.7480334390625 0.43372803125 0.689211603125 0.4382725140625 0.723311240625 0.579147446875
1 0.8008872406249999 0.579147446875 0.8507368859375 0.5714646515624999 0.8051499203124999 0.4276688953125 0.7548533203125001 0.435242946875 0.8008872406249999 0.579147446875
1 0.8597089578125001 0.5715735015625001 0.9093306359375 0.56625631875 0.8648239578125001 0.4276688953125 0.8153797984375 0.4306984625 0.8597089578125001 0.5715735015625001
1 0.9091532375 0.5685440390625 0.9601118859375 0.56452020625 0.9117106765624999 0.435242946875 0.870791278125 0.4428167875 0.9091532375 0.5685440390625
1 0.9441048390625 0.607928475 0.8780806359375 0.61313131875 0.940695196875 0.7881878437500001 0.9944017953125 0.76849573125 0.9441048390625 0.607928475
1 0.8116743859375 0.6200757625 0.875906278125 0.818483628125 0.9415473984375 0.7957617890625001 0.87846371875 0.6124728 0.8116743859375 0.6200757625
1 0.7403853234375 0.6304924296875 0.7821328390625 0.823027953125 0.8571513984375001 0.80636535625 0.8153797984375 0.61550236875 0.7403853234375 0.6304924296875
1 0.6573775109375 0.64264520625 0.689211603125 0.84423498125 0.7812802796875 0.827572278125 0.7403609999999999 0.6215615031249999 0.6573775109375 0.64264520625
1 0.5714400109375 0.6461174296875 0.5920285234375 0.8381758453125 0.6883594015625001 0.832116709375 0.6542600015625 0.6321650187500001 0.5714400109375 0.6461174296875
1 0.4825728234375 0.6530618734375 0.487172765625 0.8578680625 0.5843559640625 0.8533235250000001 0.5707160859375 0.6351944796875 0.4825728234375 0.6530618734375
1 0.404481646875 0.6351944796875 0.4015181359375 0.6495896515624999 0.38316950781250003 0.84877930625 0.4795003859375 0.8578680625 0.48035288437499996 0.633679828125 0.404481646875 0.6351944796875
1 0.3194868859375 0.64264520625 0.27831375 0.8518089265625 0.3695296875 0.8639271984375 0.3916942078125 0.636709290625 0.3194868859375 0.64264520625
1 0.227164590625 0.6457981 0.18862751093750002 0.8492424296875001 0.274051309375 0.84877930625 0.30303582812499996 0.6518572359375 0.227164590625 0.6457981
1 0.1017134484375 0.8440340953125001 0.1845403109375 0.8578680625 0.22204965 0.6457981 0.1700480515625 0.636709290625 0.1017134484375 0.8440340953125001