1 0.2663788109375 0.8639271984375 0.2999556359375 0.654797984375 0.22290203125 0.6457981 0.1862452515625 0.8548382312499999 0.2663788109375 0.8639271984375
1 0.3985142078125 0.6609458859374999 0.3868696984375 0.8700757625 0.47097550625 0.865441903125 0.4752379453125 0.6579163718750001 0.3985142078125 0.6609458859374999
1 0.4880251453125 0.865441903125 0.5831587609375 0.8648674296875001 0.5579290046875001 0.6533720453125 0.485467765625 0.6579163718750001 0.4880251453125 0.865441903125
1 0.5894710828124999 0.8518089265625 0.6817915734375 0.850978540625 0.6508500015625 0.6397389640625 0.5741263234375 0.6457981 0.5894710828124999 0.8518089265625
1 0.6917691625 0.84423498125 0.7745650109375 0.8301452062499999 0.73098368125 0.6276205874999999 0.660227084375 0.638224153125 0.6917691625 0.84423498125
1 0.7787227203125 0.8154539 0.8575728234375 0.804103540625 0.8077071218749999 0.61550236875 0.7429182015625 0.6230762078125001 0.7787227203125 0.8154539
1 0.8690863984374999 0.809394765625 0.9386275109375 0.7867424296875 0.8724960390625001 0.607928475 0.8162322390625001 0.617017071875 0.8690863984374999 0.809394765625
1 0.9372849578125001 0.7866731375 0.9952681359375 0.7711174296875 0.9475150765624999 0.59429539375 0.8827261578125001 0.607928475 0.9372849578125001 0.7866731375
1 0.18179157343750002 0.6044507625 0.245919290625 0.6109579375 0.27916625 0.48826025156249997 0.22290203125 0.4791717078125 0.18179157343750002 0.6044507625
1 0.109521571875 0.832116709375 0.17772043125 0.8548382312499999 0.220344709375 0.6533720453125 0.1657854921875 0.6397389640625 0.109521571875 0.832116709375
1 0.28598612968750003 0.4700830046875 0.25529649062500004 0.603383990625 0.31667546875 0.6109579375 0.339692728125 0.477656896875 0.28598612968750003 0.4700830046875
1 0.320938028125 0.6064136640625 0.3985884484375 0.607922984375 0.4070390875 0.46856814062499996 0.3448075484375 0.46402386875 0.320938028125 0.6064136640625
1 0.40277664687500003 0.6018693390625 0.4806196984375 0.600978540625 0.4735328859375 0.46856814062499996 0.41897390625 0.46250895156249994 0.40277664687500003 0.6018693390625
1 0.56219144375 0.59126571875 0.634652803125 0.5897510140625 0.6141931625 0.45947938437499997 0.5562241234374999 0.46402386875 0.56219144375 0.59126571875
1 0.6448825625 0.595810096875 0.7189009484375 0.592297984375 0.6823917234375 0.456449815625 0.6252754828125 0.46250895156249994 0.6448825625 0.595810096875
1 0.72075368125 0.583691878125 0.7843306359375 0.5732007625 0.7522957609375001 0.45190554374999997 0.69347428125 0.45190554374999997 0.72075368125 0.583691878125
1 0.755705759375 0.44736121874999996 0.7957726 0.5806623109375 0.8517134484375 0.56452020625 0.8511841984374999 0.5594552296875 0.8102646796874999 0.44736121874999996 0.755705759375 0.44736121874999996
1 0.8545938390625001 0.5730883125 0.9057432375 0.5564257687499999 0.870791278125 0.44736121874999996 0.8170846796875001 0.44736121874999996 0.8545938390625001 0.5730883125
1 0.904890796875 0.565514365625 0.9542525109375 0.5575757625 0.917677996875 0.43372803125 0.8733488375 0.4382725140625 0.904890796875 0.565514365625
0 0.3899893875 0.6609458859374999 0.3141181484375 0.6654903171875 0.274051309375 0.8730157437500001 0.3712346875 0.8790748796875001 0.3899893875 0.6609458859374999
0 0.4786478859375 0.6048988 0.5548384484375 0.600978540625 0.5570765640625 0.46553851875 0.486320265625 0.4670534359375 0.4786478859375 0.6048988