0 0.4786665734375 0.607922984375 0.561339003125 0.603383990625 0.551109125 0.47159770781250004 0.487172765625 0.460994246875 0.4786665734375 0.607922984375
1 0.1836876921875 0.6064136640625 0.2476241703125 0.6109579375 0.2825761890625 0.480686465625 0.22460715000000003 0.46553851875 0.1836876921875 0.6064136640625
1 0.2825761890625 0.47159770781250004 0.2484766109375 0.6048988 0.3165571984375 0.6061868734375 0.3175280875 0.6094430734375 0.3413975484375 0.47159770781250004 0.2825761890625 0.47159770781250004
1 0.32349535 0.6048988 0.3966353234375 0.6044507625 0.4087439671875 0.4670534359375 0.3448075484375 0.460994246875 0.32349535 0.6048988
1 0.40107170625000005 0.6094430734375 0.4815962609375 0.607922984375 0.4795003859375 0.4579646796875 0.41897390625 0.456449815625 0.40107170625000005 0.6094430734375
1 0.56730644375 0.5973248546875001 0.6427290734375 0.59577020625 0.6167506031250001 0.44736121874999996 0.548551565625 0.4534202484375 0.56730644375 0.5973248546875001
1 0.6193080421875 0.4428167875 0.6414726828124999 0.59126571875 0.71053868125 0.5855576499999999 0.676424521875 0.43978721875 0.6193080421875 0.4428167875
1 0.7199013609375 0.59126571875 0.7823775109375 0.5784090953125001 0.7446234406250001 0.423124621875 0.6875068421874999 0.4367576515625 0.7199013609375 0.59126571875
1 0.793215159375 0.58823625625 0.8477739609375 0.5730883125 0.7974776 0.4246393265625 0.7548533203125001 0.4367576515625 0.793215159375 0.58823625625
1 0.8494791984375001 0.5685440390625 0.9015181359375 0.5558396515624999 0.858004078125 0.4200950546875 0.8153797984375 0.4276688953125 0.8494791984375001 0.5685440390625
1 0.9366743859375 0.7971590953125001 0.9918443546875 0.76849573125 0.93472775625 0.5897510140625 0.8716438375 0.595810096875 0.9366743859375 0.7971590953125001
1 0.8665289578125 0.8139391968749999 0.8852835984375 0.8169688171875 0.93472775625 0.7972763875 0.8793160390624999 0.603383990625 0.809412359375 0.617017071875 0.8665289578125 0.8139391968749999
1 0.7853071984375 0.8336174296875001 0.8588562796874999 0.8169688171875 0.8077071218749999 0.620046746875 0.73098368125 0.62459101875 0.7853071984375 0.8336174296875001
1 0.7787227203125 0.8199983312500001 0.7335411203125 0.6230762078125001 0.6568174421874999 0.6230762078125001 0.6926218421875 0.8381758453125 0.6926218421875 0.838595803125 0.7787227203125 0.8199983312500001
1 0.5841353234375 0.8457702062499999 0.6900644015624999 0.8336314140625 0.6525550015625 0.62913534375 0.5707160859375 0.64125366875 0.5841353234375 0.8457702062499999
1 0.49058270468750004 0.84877930625 0.5749787640624999 0.8412052546875 0.56560144375 0.6503424250000001 0.481205325 0.6533720453125 0.49058270468750004 0.84877930625
1 0.4760904453125 0.6624605906250001 0.3959567671875 0.6609458859374999 0.37498755625 0.8561897671875001 0.4760904453125 0.8563532531250001 0.4760904453125 0.6624605906250001
1 0.2765181359375 0.8544507625 0.3695296875 0.868471525 0.3925467078125 0.6624605906250001 0.32179052812500003 0.6457981 0.2765181359375 0.8544507625
1 0.3098557078125 0.65943118125 0.23995185000000002 0.6457981 0.1965246734375 0.8476168734374999 0.272346309375 0.8578680625 0.3098557078125 0.65943118125
1 0.1134321984375 0.835353540625 0.18539281093749999 0.8518089265625 0.2305744109375 0.6457981 0.1666381109375 0.6427683734375 0.1134321984375 0.835353540625
0 0.9532759484375 0.5523674296875 0.90403811875 0.4382725140625 0.8554466375 0.43372803125 0.9074482375 0.55339609375 0.9532759484375 0.5523674296875