1 0.614824584375 0.5843505 0.657589265625 0.8634920656249999 0.754979859375 0.852683303125 0.6942756250000001 0.5668850171875001 0.614824584375 0.5843505
0 0.4444196234375 0.6432539687500001 0.44074627812499995 0.8749120781249999 0.5505495015624999 0.8749120781249999 0.5362661734375 0.6351590859375 0.4444196234375 0.6432539687500001
0 0.36071426562500003 0.6373015890625 0.331835815625 0.8669732390625 0.437175496875 0.8733242125 0.44253173593749995 0.6383345734375 0.36071426562500003 0.6373015890625
0 0.2657753421875 0.63674695 0.2247107453125 0.854271046875 0.3327285109375 0.8622098859375 0.35772438906250004 0.6351590859375 0.2657753421875 0.63674695
0 0.194419621875 0.6234127 0.1247273734375 0.8463322062499999 0.2247107453125 0.8574465328124999 0.268453496875 0.63674695 0.194419621875 0.6234127
0 0.118526765625 0.6194444453125 0.0434908078125 0.8209279437499999 0.1318690046875 0.8463322062499999 0.1890023890625 0.6272202453125 0.118526765625 0.6194444453125
0 0.5398370234375001 0.6319835375 0.5451932625 0.89078975625 0.6585672671875 0.8701487265625 0.6246443015625001 0.6351590859375 0.5398370234375001 0.6319835375
0 0.5300171687499999 0.45256577499999995 0.5344807140625 0.5795872078125 0.6085756499999999 0.5795872078125 0.5925067937499999 0.4414513875 0.5300171687499999 0.45256577499999995
0 0.2595264078125 0.4573290671875 0.2113201125 0.57482385625 0.289878525 0.5732362328125 0.322908728125 0.44780242187499997 0.2595264078125 0.4573290671875
0 0.3238839078125 0.448809525 0.288093065625 0.57164836875 0.3693295640625 0.5827626953125 0.39254005 0.45415351875 0.3238839078125 0.448809525
0 0.71674105 0.6273809546875 0.7603361671875 0.8590343984375 0.8388944437499999 0.830454528125 0.7808683640625 0.62245689375 0.71674105 0.6273809546875
0 0.853177840625 0.6272202453125 0.7926339078125 0.6253968265625 0.8397872062499999 0.8336300156249999 0.9326288796875 0.830454528125 0.853177840625 0.6272202453125
0 0.9156674640625001 0.6288081109375 0.8584821234375 0.6273809546875 0.9263799453124999 0.830454528125 0.9915477218750001 0.803462521875 0.9156674640625001 0.6288081109375
0 0.5925067937499999 0.43986358281250004 0.6118303375 0.5757936531250001 0.6871339265625 0.57482385625 0.6514255703125 0.4255737078125 0.5925067937499999 0.43986358281250004
0 0.456815065625 0.4208104171875 0.45334819375 0.5817460328124999 0.5300171687499999 0.5700605640624999 0.5300171687499999 0.433512546875 0.456815065625 0.4208104171875
0 0.452351521875 0.43986358281250004 0.39611083125 0.430337 0.3739345609375 0.57176076875 0.44610258593749996 0.5732362328125 0.452351521875 0.43986358281250004
0 0.7183787374999999 0.43510029218749996 0.6587053375 0.43095238125 0.692490234375 0.5795872078125 0.7558726234375001 0.5779994046875 0.7183787374999999 0.43510029218749996
0 0.8237184187500001 0.5779994046875 0.7817611265625 0.4382758390625 0.724801684375 0.440861753125 0.7594434031249999 0.5764116609375 0.8237184187500001 0.5779994046875
0 0.1933035515625 0.44285714374999996 0.1399033984375 0.562121725 0.2077492640625 0.5764116609375 0.2479211640625 0.4573290671875 0.1933035515625 0.44285714374999996
0 0.841572596875 0.46526790625 0.79486605 0.4527777796875 0.8317528796874999 0.5827626953125 0.8897789609375 0.57164836875 0.841572596875 0.46526790625