0 0.191360190625 0.6230762078125001 0.1183150109375 0.6183396515624999 0.040470214062499996 0.827572278125 0.12486633124999999 0.8472643906249999 0.191360190625 0.6230762078125001
0 0.1325386515625 0.5761179859375 0.20815876093750002 0.58014520625 0.245919290625 0.4579646796875 0.1870976328125 0.45039078593750004 0.1325386515625 0.5761179859375
0 0.21011489062500002 0.5776326375 0.2823775109375 0.5870896515624999 0.3166754703125 0.46250895156249994 0.25273917031250004 0.4579646796875 0.21011489062500002 0.5776326375
0 0.28683856875 0.586721446875 0.3644148078125 0.5897510140625 0.3891368875 0.4564498171875 0.32008540937499996 0.45493511093750005 0.28683856875 0.586721446875
0 0.366972128125 0.5821771203125 0.4503462609375 0.5870896515624999 0.4556306859375 0.45039078593750004 0.3916942078125 0.45039078593750004 0.366972128125 0.5821771203125
0 0.44881086562499994 0.5852065828125 0.532354484375 0.58823625625 0.520419725 0.4322133265625 0.4590406265625 0.43372803125 0.44881086562499994 0.5852065828125
0 0.5374692453125001 0.5821771203125 0.6095259484375 0.585353540625 0.5860610828125 0.4458464078125 0.521272165625 0.43978721875 0.5374692453125001 0.5821771203125
0 0.6847212609375 0.576672984375 0.6465875624999999 0.40797673124999995 0.587766084375 0.418580296875 0.615045603125 0.5836918796874999 0.6847212609375 0.576672984375
0 0.7569868859375 0.585353540625 0.7096713625 0.406462025 0.6517024421875 0.404947109375 0.6917691625 0.5836918796874999 0.7569868859375 0.585353540625
0 0.8351118859375 0.58014520625 0.771902721875 0.41403591874999995 0.72075368125 0.40343245781250003 0.7625256406250001 0.574603175 0.8351118859375 0.58014520625
0 0.8383968796874999 0.579147446875 0.894660678125 0.579147446875 0.8281668796874999 0.4428167875 0.7838378390625 0.45190554374999997 0.8383968796874999 0.579147446875
0 0.8844311578124999 0.5730883109375 0.9425337609375 0.5732007625 0.8767584796874999 0.4428167875 0.827314559375 0.4488759765625 0.8844311578124999 0.5730883109375
0 0.9475150765624999 0.5730883109375 0.9923384484375 0.569728540625 0.927907878125 0.44736121874999996 0.8912510375 0.46250895156249994 0.9475150765624999 0.5730883109375
0 0.9689009484375 0.6148674296875 0.9134156765625001 0.62610588125 0.9952539984375001 0.8003062203125 0.9986642343750001 0.6988155109374999 0.9689009484375 0.6148674296875
0 0.9259321984375 0.8232007625 0.9918443546875 0.80636535625 0.9159731171875001 0.6230762078125001 0.8562990781250001 0.6200467453125 0.9259321984375 0.8232007625
0 0.8486267578125 0.83969055 0.8494791984375001 0.83969055 0.9193827593749999 0.8215130359374999 0.8494791984375001 0.62610588125 0.7804278390625 0.62459101875 0.8486267578125 0.83969055
0 0.7667880796875 0.84877930625 0.8477739609375 0.83969055 0.77446028125 0.6276205859374999 0.7028514828125 0.62610588125 0.7667880796875 0.84877930625
0 0.6515181359375 0.8544507625 0.6227179234375 0.6306501546875001 0.541731565625 0.6230762078125001 0.5553714453125 0.8639271984375 0.6515181359375 0.8544507625
0 0.45307330625000003 0.8684715234375 0.543436803125 0.8730157437500001 0.5349116859375 0.636709290625 0.450515865625 0.6351944796875 0.45307330625000003 0.8684715234375
0 0.328610409375 0.865441903125 0.43517110625 0.865441903125 0.4454009265625 0.6306501546875001 0.35844736875 0.6230762078125001 0.328610409375 0.865441903125
0 0.2755415734375 0.623547984375 0.21949209218750002 0.865441903125 0.3269053484375 0.8715010390625 0.35844736875 0.6215615046875 0.2755415734375 0.623547984375
0 0.2731986890625 0.6276205859374999 0.19741657343750002 0.62702020625 0.1308337125 0.8412052546875 0.2186397109375 0.8533235265625001 0.2731986890625 0.6276205859374999
1 0.6644895234375 0.8578680625 0.755705759375 0.8518089281250001 0.7062616015625001 0.617017071875 0.6286853625 0.6215615046875 0.6644895234375 0.8578680625