1 0.20825600625 0.5458221484375 0.2075179125 0.54889520625 0.285716546875 0.5473369578125 0.3067655734375 0.4322133265625 0.2495122609375 0.42918375781250007 0.20825600625 0.5458221484375
1 0.1821553640625 0.6033839890625 0.1249019921875 0.8139391953124999 0.21751773437500002 0.8427201703125 0.267193446875 0.6351944796875 0.2730871546875 0.6139876109375 0.26550937812500003 0.6124728 0.1821553640625 0.6033839890625
1 0.041547684375 0.7972763875 0.1223760671875 0.8169688171875 0.17962937968749998 0.6094430734375 0.1164823578125 0.5958100984375 0.041547684375 0.7972763875
1 0.652811671875 0.8502941171874999 0.6486018546875 0.84423498125 0.6098717015624999 0.5927805828125 0.5357790609374999 0.6109579375 0.5467245625 0.8533235250000001 0.652811671875 0.8502941171874999
1 0.75132118125 0.8412052546875 0.7505348875 0.8388257625 0.694067809375 0.5973248546875001 0.6166073859375001 0.6064136640625 0.65786316875 0.8457496859375 0.75132118125 0.8412052546875
1 0.7543929125 0.5714646515624999 0.7226944937499999 0.4155507296875 0.65786316875 0.4155507296875 0.687332125 0.5715735015625001 0.7543929125 0.5714646515624999
1 0.8923172953125 0.5697285390625 0.9458142140625 0.5639996609375 0.9070837078125 0.43372803125 0.8372011203125 0.4367576515625 0.8923172953125 0.5697285390625
0 0.1442669515625 0.5473369578125 0.14342509375 0.5488518203125 0.20152032343749998 0.5624849046875 0.24446046875 0.4306984625 0.1964687078125 0.4231246234375 0.1442669515625 0.5473369578125
0 0.28403265625 0.5639996609375 0.3618389 0.5732007625 0.37917414531250004 0.4246393265625 0.3059236578125 0.42918375781250007 0.28403265625 0.5639996609375
0 0.228463234375 0.8351460124999999 0.3252886171875 0.8502941171874999 0.3531583453125 0.6322285390625 0.3547573953125 0.6094430734375 0.27056128749999997 0.6064136640625 0.228463234375 0.8351460124999999
0 0.43811146875 0.8427201703125 0.4457509375 0.6096590953125001 0.3657028953125 0.6048988 0.33370836875 0.83969055 0.43811146875 0.8427201703125
0 0.43979547812500003 0.84877930625 0.5393080359375 0.84750631875 0.5357790609374999 0.6124728 0.4456891859375 0.607928475 0.43979547812500003 0.84877930625
0 0.52399164375 0.5685440390625 0.5298851765625 0.57005874375 0.52676945625 0.5679924296875 0.5189398515625 0.39585840625 0.4456891859375 0.3913141328125 0.4473731359375 0.5655143640625 0.52399164375 0.5685440390625
0 0.37148396250000004 0.56625631875 0.4389535015625 0.5670291749999999 0.4507409796875 0.40191754218750003 0.39180365625 0.3943437015625 0.37148396250000004 0.56625631875
0 0.607787975 0.58188131875 0.58208693125 0.3776811046875 0.5164138671875 0.3837402390625 0.534094875 0.57005874375 0.607787975 0.58188131875
0 0.6856481734375001 0.57005874375 0.656179453125 0.41100629843750003 0.588822615625 0.40343245781250003 0.6098717015624999 0.5715735015625001 0.6856481734375001 0.57005874375
0 0.7659669859375 0.5732007625 0.8270976531249999 0.5670291749999999 0.7740540984375001 0.4079767296875 0.71932659375 0.39737326875 0.7659669859375 0.5732007625
0 0.8877186890625 0.5624849046875 0.8846012453125001 0.5610479859375 0.8220459203124999 0.4125211609375 0.78163158125 0.40343245781250003 0.8296235203125001 0.5730883125 0.8877186890625 0.5624849046875
0 0.9129777109375 0.5973248546875001 0.8498303359375001 0.6109579375 0.9256071625000001 0.8078800609375 0.9929640015625001 0.7912174640625 0.9129777109375 0.5973248546875001
0 0.8411984671875 0.8353535390625 0.9247648921874999 0.8033355234374999 0.8430946515625 0.5958100984375 0.7723701484375 0.6033839890625 0.8411984671875 0.8353535390625
0 0.705855225 0.6185319359375 0.7588987796875 0.83969055 0.83214915 0.8199983312500001 0.779947865625 0.607928475 0.712590909375 0.607928475 0.705855225 0.6185319359375