1 0.12523146093749998 0.8066666687499999 0.21914370781249998 0.8336399515625 0.2737642828125 0.6085739140624999 0.18396433750000002 0.5768980453125 0.12523146093749998 0.8066666687499999
1 0.0418981265625 0.8170833359375 0.12101186875 0.8219699109375 0.177483959375 0.5969038062500001 0.10527369843750001 0.5618934859375 0.0418981265625 0.8170833359375
0 0.35708378281250003 0.6285797375 0.27106479375000003 0.6233333359375 0.2228468109375 0.8336399515625 0.3293106171875 0.8586472984375 0.35708378281250003 0.6285797375
0 0.44503214375000005 0.6202439562500001 0.3567129421875 0.6295833359375 0.330236375 0.8503115171875001 0.441329040625 0.8553130359375001 0.44503214375000005 0.6202439562500001
0 0.5385351234375 0.8403086046875 0.5320547453125 0.6302469328125 0.4515125203125 0.6219111515625 0.4478094171875 0.6252454765625 0.44503214375000005 0.8503115171875001 0.5385351234375 0.8403086046875
1 0.250619978125 0.3685033796875 0.210879609375 0.5400000015625 0.284873521875 0.5685622640625 0.32097865312499996 0.3818406171875 0.250619978125 0.3685033796875
0 0.32468175625 0.37683916093750003 0.2942129421875 0.5650000015625001 0.37282188125000004 0.56689500625 0.39133732656250003 0.3785062921875 0.32468175625 0.37683916093750003
0 0.44503214375000005 0.3885092671875 0.3914351640625 0.3837500015625 0.37467346875 0.5618934859375 0.441329040625 0.5535577046875 0.44503214375000005 0.3885092671875
0 0.5172423328125 0.3951778546875 0.449305534375 0.39416666875 0.44503214375000005 0.5618934859375 0.5283516421875001 0.57356359375 0.5172423328125 0.3951778546875
0 0.5885268375 0.41518374375 0.5222222015625 0.41291666875 0.5311289171875 0.56689500625 0.60704228125 0.57356359375 0.5885268375 0.41518374375
0 0.6579597515625 0.41851806874999997 0.59513886875 0.40666666874999996 0.60704228125 0.5718964625 0.6857329187500001 0.5568920296875 0.6579597515625 0.41851806874999997
1 0.55231479375 0.8462500015625001 0.65981126875 0.8486443859374999 0.624631896875 0.60023813125 0.53668360625 0.6185769546875 0.55231479375 0.8462500015625001
1 0.6645833125 0.83166666875 0.7505369749999999 0.8319728234375001 0.7042483640625 0.58690083125 0.624631896875 0.6052395875000001 0.6645833125 0.83166666875
0 0.7551658359375 0.8419757328124999 0.752546275 0.82541666875 0.8403368499999999 0.8303056921874999 0.7736812796875 0.6052395875000001 0.7042483640625 0.6152425 0.7551658359375 0.8419757328124999
0 0.84513886875 0.8233333359375001 0.9199533171875001 0.8236370390625 0.8495945734375001 0.60357239375 0.778310140625 0.6152425 0.84513886875 0.8233333359375001
0 0.9162501437499999 0.611908175 0.8601851640625 0.6108333359375 0.9153244578124999 0.8286385609375 0.9967924390625 0.8102998671874999 0.9162501437499999 0.611908175
1 0.6877314609375 0.56916666875 0.7560916640625 0.5652278109375 0.7236896359375 0.39351072343750004 0.653330890625 0.41018228749999996 0.6877314609375 0.56916666875
0 0.136805534375 0.5462500015625 0.206182884375 0.5518905734375 0.24043649843749998 0.400179375 0.193222059375 0.3951778546875 0.136805534375 0.5462500015625