0 0.175419621875 0.6018693390625 0.24416914687500002 0.6027146515624999 0.2815067890625 0.4761421390625 0.220885575 0.47159770781250004 0.175419621875 0.6018693390625
0 0.2562479453125 0.6018693390625 0.31747161562500004 0.6061868734375 0.35307344375 0.4958343046875 0.2966619890625 0.4837160328125 0.2562479453125 0.6018693390625
0 0.327814659375 0.6048988 0.4027491578125 0.6033839890625 0.415378609375 0.48977516874999993 0.34802171249999997 0.48826025156249997 0.327814659375 0.6048988
0 0.4044331078125 0.5973248546875001 0.48105155625 0.5927805828125 0.48610334843749997 0.46553851875 0.42211429218749996 0.4700830046875 0.4044331078125 0.5973248546875001
0 0.8018387499999999 0.5806623109375 0.8614530968749999 0.5714646515624999 0.81110041875 0.448875975 0.7605827296875 0.448875975 0.8018387499999999 0.5806623109375
0 0.8708796578125 0.5685440390625 0.9270395171875 0.5679924296875 0.8624600234375001 0.43524294843750005 0.8060484484374999 0.45039078593750004 0.8708796578125 0.5685440390625
0 0.853198471875 0.43524294843750005 0.9230810609375 0.5564257687499999 0.9788390265625001 0.5506606640625 0.9129777109375 0.4276688953125 0.853198471875 0.43524294843750005
0 0.9980156156250001 0.6988155109374999 0.9550757640624999 0.5988396640625 0.8923172953125 0.61139520625 0.971914915625 0.8199983312500001 0.99885776875 0.7957617890625001 0.9980156156250001 0.6988155109374999
0 0.96096953125 0.7972763875 0.8807432203125 0.6096590953125001 0.8254134671875001 0.6215615046875 0.886034975 0.8169688171875 0.96096953125 0.7972763875
0 0.5947163828125 0.8790748796875001 0.5905065656249999 0.8184836265625 0.5753512484375001 0.6473129109375 0.4869453234375 0.6351944796875 0.48020964062499993 0.8730157437500001 0.5947163828125 0.8790748796875001
1 0.08309661562500001 0.8596590953125001 0.1695257953125 0.8775601749999999 0.21835959218749998 0.6579163703125 0.1568965203125 0.6397389640625 0.08309661562500001 0.8596590953125001
1 0.1712098640625 0.8654419046875 0.25574322031249996 0.87875631875 0.299187975 0.6564013484375 0.21246594062500002 0.6473129109375 0.1712098640625 0.8654419046875
1 0.268035303125 0.8624123875 0.37051945625 0.8770202062499999 0.390119765625 0.6533720453125 0.301713840625 0.6382241546875 0.268035303125 0.8624123875
1 0.374122471875 0.8624123875 0.4776837140625 0.8715010390625 0.475157846875 0.6427683734375 0.390961740625 0.6336798296875 0.374122471875 0.8624123875
1 0.48441933906249995 0.59429539375 0.5557046406249999 0.5905618734375 0.5450406109375 0.4594793828125 0.49115502343750006 0.4579646796875 0.48441933906249995 0.59429539375
1 0.5702995140625 0.5867214453125 0.6473327265625 0.5853535390625 0.615765115625 0.4564498171875 0.5568280296875 0.4564498171875 0.5702995140625 0.5867214453125
1 0.656179453125 0.5806623109375 0.7322092703124999 0.5870896515624999 0.6839642234375 0.44433164999999997 0.6258689359375 0.448875975 0.656179453125 0.5806623109375
1 0.737007778125 0.5852065828125 0.7993127656250001 0.5791474484375 0.7546889625000001 0.4382725140625 0.694909725 0.4413020828125 0.737007778125 0.5852065828125
1 0.8178361031250001 0.6109579375 0.73992531875 0.6148674296875 0.7976290515625 0.83969055 0.88519270625 0.8306018999999999 0.8178361031250001 0.6109579375
1 0.6569777890624999 0.6322285390625 0.695751640625 0.8624123875 0.7875254671875 0.8366610359375001 0.7361658624999999 0.6064136640625 0.6569777890624999 0.6322285390625
1 0.656179453125 0.6306501546875001 0.5759592703124999 0.6374368734375 0.5938742312499999 0.84423498125 0.6890158390625001 0.84423498125 0.656179453125 0.6306501546875001