0 0.18310183124999999 0.7795833359375 0.2746900421875 0.77528948125 0.32005289531250003 0.5535577046875 0.24043649843749998 0.5535577046875 0.18310183124999999 0.7795833359375
0 0.2756944234375 0.7733333359375 0.363564159375 0.76528656875 0.3968919453125 0.5418876609375001 0.314498275 0.56022648125 0.2756944234375 0.7733333359375
0 0.368287015625 0.76291666875 0.47187955156249994 0.7569507875 0.482988790625 0.5335518796875001 0.399669290625 0.5452219234375 0.368287015625 0.76291666875
0 0.47476849843749996 0.75041666875 0.5718629078124999 0.73861209375 0.569085634375 0.5085445359375 0.48484030625 0.5285503609375 0.47476849843749996 0.75041666875
0 0.6607370968749999 0.5052102078125 0.569085634375 0.5168803171875 0.576844025 0.7295594125 0.6792525421875 0.71860633125 0.6607370968749999 0.5052102078125
0 0.680787015625 0.7233333359375 0.7829390015625 0.7069360984374999 0.7403534234375 0.4952072328125 0.6635144421875 0.5052102078125 0.680787015625 0.7233333359375
1 0.782013171875 0.6919317296874999 0.7866420328125 0.7002675109375 0.7907407203125 0.7045833359375 0.888476978125 0.6869302109375 0.8134895125 0.44019108749999997 0.7422050812500001 0.4918729703125 0.782013171875 0.6919317296874999
0 0.88912035 0.6837500015625 0.9736481343750001 0.6669243859375 0.906066734375 0.460196975 0.8347823015625 0.46686562656249997 0.88912035 0.6837500015625
0 0.9088440796875 0.45852984531249996 0.9708707890625 0.6502528203125 1 0.5402204671875 0.9792026828125 0.45686265 0.9088440796875 0.45852984531249996
0 0.261805534375 0.5108333359375 0.333939478125 0.5035430140625 0.365415746875 0.36683624843749996 0.30709206875 0.37517202968749996 0.261805534375 0.5108333359375
0 0.3289351640625 0.49416666875 0.40337239374999995 0.4902057765625 0.4311455609375 0.3601675984375 0.3644899171875 0.3685033796875 0.3289351640625 0.49416666875
0 0.40532405312500003 0.48375000156250003 0.482988790625 0.4701998875 0.501504234375 0.3418289015625 0.42929397343750003 0.3585004671875 0.40532405312500003 0.48375000156250003
0 0.48402775625 0.4608333359375 0.5644567734375 0.460196975 0.5755660109375 0.3101529078125 0.504281578125 0.3368273828125 0.48402775625 0.4608333359375
0 0.5604166453125 0.4587500015625 0.650553546875 0.44019108749999997 0.642221653125 0.27014113125 0.57093715 0.3101529078125 0.5604166453125 0.4587500015625
0 0.65185183125 0.4400000015625 0.7310957015625 0.43018817499999995 0.6875844359375 0.2584710875 0.6301865875 0.28014410624999997 0.65185183125 0.4400000015625
0 0.7282407203125 0.43166666875 0.80608330625 0.4168509375 0.7616462125 0.2351308734375 0.6885102640625 0.26013821875 0.7282407203125 0.43166666875
0 0.8046296093749999 0.41500000156250005 0.8764420515625 0.40684796093750003 0.8264502671875 0.21179066093749999 0.7634977296875001 0.23346374218750002 0.8046296093749999 0.41500000156250005
0 0.8844907203125001 0.40666666874999996 0.9468006546875 0.4018465046875 0.87829356875 0.2084563984375 0.8245987515625 0.2167921796875 0.8844907203125001 0.40666666874999996
0 0.9504629421875 0.3983333359375 0.9967924390625 0.3818406171875 0.9329140718750001 0.21179066093749999 0.88940280625 0.22179363593749998 0.9504629421875 0.3983333359375