1 0.1746661984375 0.0033961499999999997 0.17375395625 0.4468597359375 0.2905229171875 0.44185828281250006 0.2886983609375 0.0033961499999999997 0.1746661984375 0.0033961499999999997
1 0.1747262578125 0.5108333328125 0.17375395625 0.952008153125 0.2950842046875 0.9470066328125 0.2896106046875 0.518547446875 0.1747262578125 0.5108333328125
0 0.29219888437499997 0 0.2886983609375 0.45019406406250007 0.40546732343749997 0.4468597359375 0.409116365625 0 0.29219888437499997 0
0 0.406379565625 0.5135459906250001 0.2887773515625 0.50875 0.28596163125 0.945339503125 0.4109408515625 0.9370037203124999 0.406379565625 0.5135459906250001
0 0.5277098140625001 0.5218817734375001 0.407390490625 0.5108333328125 0.4018182796875 0.9403379828125 0.5258852578125001 0.9486737640625 0.5277098140625001 0.5218817734375001
1 0.5249730125000001 0.0050632828125 0.407390490625 0.0025 0.4072918078125 0.44852687031249994 0.5277098140625001 0.458529846875 0.5249730125000001 0.0050632828125
1 0.64265421875 0.006730446875 0.5305656734374999 0.0045833328125 0.523148528125 0.458529846875 0.6435665312500001 0.45019406406250007 0.64265421875 0.006730446875
0 0.7566863796875001 0.0033961499999999997 0.6457572796875 0.0045833328125 0.63718061875 0.4551955203125 0.7585108671875 0.45186119375 0.7566863796875001 0.0033961499999999997
1 0.642335746875 0.5170833328125 0.6435665312500001 0.9586766765625001 0.75121278125 0.9536752828124999 0.761247665625 0.525216096875 0.642335746875 0.5170833328125
1 0.6380929328125 0.5218817734375001 0.5305656734374999 0.5191666671874999 0.5204117265625 0.9486737640625 0.6362684453125 0.9586766765625001 0.6380929328125 0.5218817734375001
1 0.8771043140625 0.528550359375 0.7643704171875 0.5275000000000001 0.7539495796875 0.952008153125 0.8789288015625001 0.9603439328125001 0.8771043140625 0.528550359375