1 0.10525913281249999 0.8169688171875 0.18709763125 0.8457496859375 0.23227952968749999 0.6533720453125 0.1700480515625 0.6442832890625 0.10525913281249999 0.8169688171875
1 0.191360190625 0.84423498125 0.274051309375 0.8563532531250001 0.303888328125 0.6533720453125 0.22631203125 0.6427683734375 0.191360190625 0.84423498125
1 0.380611946875 0.8624123875 0.481205325 0.868471525 0.468418065625 0.6473129109375 0.3976617671875 0.6503424250000001 0.380611946875 0.8624123875
1 0.48205782499999994 0.8563532531250001 0.5843559640625 0.8593827671875 0.5681588843750001 0.6397389640625 0.48205782499999994 0.636709290625 0.48205782499999994 0.8563532531250001
1 0.5886182859375 0.8336314140625 0.6886275109375 0.8336174296875001 0.64317768125 0.6321650187500001 0.5724213234375 0.62913534375 0.5886182859375 0.8336314140625
1 0.6875068421874999 0.8154539 0.7787227203125 0.80636535625 0.7335411203125 0.607928475 0.6568174421874999 0.6230762078125001 0.6875068421874999 0.8154539
1 0.7821328390625 0.8109096812500001 0.86056151875 0.8033355234374999 0.80685491875 0.620046746875 0.743771 0.620046746875 0.7821328390625 0.8109096812500001
1 0.7898049203124999 0.583691878125 0.845216759375 0.5715735015625001 0.8196422390625001 0.4534202484375 0.7667880796875 0.4458464078125 0.7898049203124999 0.583691878125
1 0.7286665734375 0.5784090953125001 0.78895271875 0.565514365625 0.764230640625 0.4428167875 0.69517928125 0.4534202484375 0.7286665734375 0.5784090953125001
1 0.6495650109375 0.58188131875 0.72075368125 0.574603175 0.69347428125 0.4458464078125 0.6235704828124999 0.45039078593750004 0.6495650109375 0.58188131875
1 0.5749787640624999 0.5852065828125 0.6389152421875 0.583691878125 0.6184556015625 0.44736121874999996 0.5553714453125 0.4458464078125 0.5749787640624999 0.5852065828125
1 0.4806196984375 0.5940340953125001 0.56389644375 0.5761179859375 0.5519616843749999 0.4382725140625 0.4956975859375 0.4367576515625 0.4806196984375 0.5940340953125001
1 0.415563965625 0.598839665625 0.4777953859375 0.5973248546875001 0.486320265625 0.45039078593750004 0.4326136671875 0.45039078593750004 0.415563965625 0.598839665625
0 0.33372528749999997 0.598839665625 0.40277664687500003 0.603383990625 0.4198262875 0.4670534359375 0.35844736875 0.46402386875 0.33372528749999997 0.598839665625
0 0.2853071984375 0.4777146515625 0.25529649062500004 0.59429539375 0.319233028125 0.598839665625 0.34992254843750004 0.477656896875 0.2853071984375 0.4777146515625
0 0.28342862968750004 0.4761421390625 0.23995185000000002 0.4700830046875 0.1879502515625 0.583691878125 0.24336185000000002 0.6018693390625 0.28342862968750004 0.4761421390625
0 0.3942518265625 0.6564013484375 0.311560709375 0.6579163718750001 0.2774612484375 0.8533235250000001 0.37208718749999997 0.8639271984375 0.3942518265625 0.6564013484375
0 0.8644087609375 0.81625631875 0.9424000765624999 0.789702546875 0.8690863984374999 0.6109579375 0.811117359375 0.6185319359375 0.8644087609375 0.81625631875
0 0.9962446984375 0.757228540625 0.9279078765625 0.595810096875 0.8776111578125001 0.603383990625 0.9398425171874999 0.7775841703124999 0.9962446984375 0.757228540625
0 0.8526900109375 0.5627840953125001 0.8989233578125001 0.557940525 0.8571513984375001 0.456449815625 0.8204946796874999 0.456449815625 0.8526900109375 0.5627840953125001
0 0.9134156765625001 0.562484903125 0.9503462609375 0.54889520625 0.9091532375 0.45039078593750004 0.8588562796874999 0.45947938437499997 0.9134156765625001 0.562484903125