0 0.3166754703125 0.647312909375 0.2677290734375 0.8457702062499999 0.3789070671875 0.84423498125 0.3985142078125 0.6457981 0.3166754703125 0.647312909375
0 0.384021946875 0.8427201703125 0.4835493859375 0.850978540625 0.483762825 0.6397389640625 0.40277664687500003 0.6427683734375 0.384021946875 0.8427201703125
0 0.6935103234375 0.8232007625 0.6593748828125 0.6351944796875 0.5741263234375 0.64125366875 0.59117584375 0.8427201703125 0.6935103234375 0.8232007625
0 0.6505415734375 0.5732007625 0.6261279234375 0.44433164999999997 0.5570765640625 0.4534202484375 0.5741263234375 0.5715735015625001 0.6505415734375 0.5732007625
0 0.86823371875 0.7957617890625001 0.80855991875 0.617017071875 0.7446234406250001 0.6230762078125001 0.788100159375 0.8109096812500001 0.86823371875 0.7957617890625001
1 0.24624469843750002 0.59750631875 0.28683856875 0.47614214062500004 0.2305744109375 0.4594793828125 0.1845403109375 0.58823625625 0.24624469843750002 0.59750631875
1 0.25273917031250004 0.5836918796874999 0.3282759484375 0.59577020625 0.349069928125 0.45493511093750005 0.284281009375 0.45493511093750005 0.25273917031250004 0.5836918796874999
1 0.33628278749999996 0.59429539375 0.40618658593749996 0.59429539375 0.41385896562499996 0.4579646796875 0.35247986875000004 0.4534202484375 0.33628278749999996 0.59429539375
1 0.40789158593749997 0.59126571875 0.4815962609375 0.5888257625 0.483762825 0.4458464078125 0.4326136671875 0.4413020828125 0.40789158593749997 0.59126571875
1 0.49740258437499996 0.5806623109375 0.5685103234375 0.5732007625 0.5485515640624999 0.4458464078125 0.488025146875 0.438272515625 0.49740258437499996 0.5806623109375
1 0.6544478234375 0.5732007625 0.7181961218749999 0.5624849046875 0.6866544015625 0.4306984625 0.6303903625 0.4306984625 0.6544478234375 0.5732007625
1 0.7335411203125 0.565514365625 0.7872477203125 0.5594552296875 0.7480334390625 0.4155507296875 0.69688428125 0.426154190625 0.7335411203125 0.565514365625
1 0.7991824796875 0.5670291765625 0.8614137203125001 0.5564257687499999 0.8128223578125 0.41403591874999995 0.7608204015625 0.418580296875 0.7991824796875 0.5670291765625
1 0.8597089578125001 0.5458221484375 0.8683150109375 0.5419507625 0.9074482375 0.5427926859375 0.8656761609375 0.41100629843750003 0.82475711875 0.4125211609375 0.8597089578125001 0.5458221484375
1 0.921087996875 0.5473369578125 0.9594495984375 0.5337038765625 0.9134156765625001 0.41706548593750004 0.874201278125 0.418580296875 0.921087996875 0.5473369578125
1 0.8878410375 0.6018693390625 0.9337446984375 0.76764520625 0.9901393562499999 0.7366852421875 0.9466625171875 0.5852065828125 0.8878410375 0.6018693390625
1 0.8639713984374999 0.76395119375 0.8929557984375001 0.7624365953125001 0.9321703171875001 0.747288703125 0.8895460375 0.5836918796874999 0.8196422390625001 0.598839665625 0.8639713984374999 0.76395119375
1 0.694326721875 0.8033355234374999 0.7019991609375 0.801820925 0.782132840625 0.7927322734375 0.742066 0.595810096875 0.663637321875 0.61550236875 0.694326721875 0.8033355234374999
1 0.4845259484375 0.8422979843749999 0.5852086421875 0.832116709375 0.5724213234375 0.6215615046875 0.487172765625 0.6230762078125001 0.4845259484375 0.8422979843749999
1 0.3141181484375 0.6427683734375 0.228869590625 0.6306501546875001 0.193917571875 0.8351460124999999 0.19477013125 0.8336314140625 0.275756309375 0.83969055 0.3141181484375 0.6427683734375
1 0.1134321984375 0.8179924296875001 0.1862452515625 0.8351460124999999 0.22716458906249998 0.636709290625 0.1521458515625 0.617017071875 0.1134321984375 0.8179924296875001