1 0.6866544015625 0.4322133265625 0.6320953625 0.4564498171875 0.6407759484375 0.5732007625 0.6806869625 0.5670291765625 0.713933803125 0.55491095625 0.6866544015625 0.4322133265625
1 0.694326721875 0.4306984625 0.7326886796875 0.565514365625 0.7374556359375 0.561047984375 0.7898049203124999 0.5594552296875 0.754000521875 0.41706548593750004 0.708819040625 0.426154190625 0.694326721875 0.4306984625
1 0.7980025109375 0.561047984375 0.8494791984375001 0.5564257687499999 0.8145271203125001 0.423124621875 0.7633780812500001 0.41706548593750004 0.7980025109375 0.561047984375
1 0.8614790734375 0.54889520625 0.9091532375 0.55036663125 0.8648239578125001 0.40191754218750003 0.8162322390625001 0.40797673124999995 0.8614790734375 0.54889520625
1 0.9100056765625 0.4322133265625 0.8767584796874999 0.44736121874999996 0.9142681171874999 0.5594552296875 0.9591353234375 0.55063131875 0.9475150765624999 0.49886392500000004 0.93472775625 0.45493511093750005 0.9100056765625 0.4322133265625
1 0.8903982390625 0.6018693390625 0.9475150765624999 0.77758416875 0.993549115625 0.742744378125 0.9415473984375 0.59126571875 0.8903982390625 0.6018693390625
1 0.8716438390624999 0.7866731390624999 0.9330226375 0.7578920578125 0.8852835984375 0.5897510140625 0.81026468125 0.603383990625 0.8716438390624999 0.7866731390624999
1 0.7761654 0.789702546875 0.7352461203125 0.6018693390625 0.6568174421874999 0.6215615046875 0.6866544015625 0.7957617890625001 0.7761654 0.789702546875
1 0.5928809640625 0.8199983312500001 0.6858019609375 0.8154539015625 0.6559647640625 0.6276205859374999 0.5775360843749999 0.6276205859374999 0.5928809640625 0.8199983312500001
1 0.483762825 0.8457496859375 0.5920285234375 0.8533235265625001 0.5766837625 0.6382241546875 0.48461520625 0.633679828125 0.483762825 0.8457496859375
1 0.38572694687500003 0.8260575734375 0.479500384375 0.827572278125 0.48205782499999994 0.6457981 0.3985142078125 0.64125366875 0.38572694687500003 0.8260575734375
1 0.2825761890625 0.823027953125 0.2833540734375 0.8284090953125001 0.384021946875 0.8245427640624999 0.40277664687500003 0.6321650187500001 0.32264296875 0.62610588125 0.2825761890625 0.823027953125
1 0.1956226296875 0.809394765625 0.19253376093750002 0.8179924296875001 0.27831375 0.832116709375 0.31582302812499996 0.6397389640625 0.24080423125 0.6351944796875 0.1956226296875 0.809394765625
1 0.10781651249999999 0.801820925 0.1144087609375 0.8127840953125001 0.18880275 0.827572278125 0.239099409375 0.6427683734375 0.1734579921875 0.6276205859374999 0.10781651249999999 0.801820925
1 0.18179157343750002 0.59577020625 0.25529649062500004 0.595810096875 0.2945108890625 0.4700830046875 0.2263120296875 0.46402386875 0.18179157343750002 0.59577020625
1 0.291100890625 0.4670534359375 0.2612640484375 0.59278058125 0.3233931359375 0.6027146515624999 0.33628278749999996 0.51249700625 0.3354302890625 0.4579646796875 0.291100890625 0.4670534359375
1 0.3482174890625 0.46250895156249994 0.3328728484375 0.598839665625 0.3966353234375 0.5940340953125001 0.4095965265625 0.45190554374999997 0.384874328125 0.45039078593750004 0.3482174890625 0.46250895156249994
1 0.41044902656250004 0.5609700937500001 0.4777953859375 0.598839665625 0.481205325 0.438272515625 0.420678846875 0.44433164999999997 0.41044902656250004 0.5609700937500001
1 0.48291032500000003 0.574603175 0.5567915734375 0.585353540625 0.54769924375 0.426154190625 0.486320265625 0.4246393265625 0.48291032500000003 0.574603175
0 0.5733931359375 0.5784090953125001 0.6508500015625 0.5685440390625 0.62698024375 0.4322133265625 0.5587815640625 0.41706548593750004 0.5733931359375 0.5784090953125001
0 0.8546431359375 0.7919507625 0.8034448 0.6018693390625 0.7352461203125 0.6048988015625001 0.7829850421875 0.7881878437500001 0.8546431359375 0.7919507625