1 0.17300251093750002 0.607922984375 0.2356894703125 0.607928475 0.26552637031250004 0.47917170625 0.20755739062499998 0.47614214062500004 0.17300251093750002 0.607922984375
0 0.9132368859375 0.5888257625 0.86226651875 0.460994246875 0.8162322390625001 0.46402386875 0.8639713984374999 0.59278058125 0.9132368859375 0.5888257625
0 0.9689009484375 0.561047984375 0.9100056765625 0.4413020828125 0.8665289578125 0.4579646796875 0.917677996875 0.5670291765625 0.9689009484375 0.561047984375
1 0.24421423125000002 0.6003545296875 0.3090031484375 0.6109579359375 0.3311677296875 0.4700830046875 0.2646739890625 0.46856814062499996 0.24421423125000002 0.6003545296875
1 0.31582302812499996 0.6094430734375 0.3858931359375 0.6096590953125001 0.40021920624999996 0.4564498171875 0.3320203484375 0.4594793828125 0.31582302812499996 0.6094430734375
1 0.40277664687500003 0.607928475 0.4835493859375 0.6044507625 0.467565565625 0.4594793828125 0.4087439671875 0.4488759765625 0.40277664687500003 0.607928475
1 0.47438544531250004 0.598839665625 0.5567915734375 0.6061868734375 0.5349116859375 0.4564498171875 0.47438544531250004 0.45039078593750004 0.47438544531250004 0.598839665625
1 0.561339003125 0.6109579359375 0.6319868859375 0.59577020625 0.6022581640625 0.4488759765625 0.54940424375 0.4488759765625 0.561339003125 0.6109579359375
1 0.642324884375 0.6003545296875 0.7110884484375 0.59577020625 0.67898208125 0.4413020828125 0.6141931625 0.44433164999999997 0.642324884375 0.6003545296875
1 0.7275735625 0.59429539375 0.7843306359375 0.585353540625 0.7369511203125 0.4413020828125 0.6917691625 0.4488759765625 0.7275735625 0.59429539375
1 0.7974776 0.595810096875 0.8511841984374999 0.5852065828125 0.809412359375 0.43978721875 0.7471806421875 0.4428167875 0.7974776 0.595810096875
1 0.9620070390625 0.603383990625 0.8878410375 0.62459101875 0.9591353234375 0.8023674296875001 0.99781155625 0.7578920578125 0.996106675 0.7063894562499999 0.9620070390625 0.603383990625
1 0.8776111578125001 0.823027953125 0.8793160390624999 0.8245427640624999 0.8810211578124999 0.8215130359374999 0.95262995625 0.801820925 0.88613591875 0.6124728 0.8204946796874999 0.62459101875 0.8776111578125001 0.823027953125
1 0.7693455203124999 0.8351460124999999 0.8656761609375 0.8003062203125 0.8162322390625001 0.6215615046875 0.7403609999999999 0.6306501546875001 0.7693455203124999 0.8351460124999999
1 0.69517928125 0.8502941171874999 0.7028514828125 0.8502941171874999 0.7898049203124999 0.8336314140625 0.7386558812499999 0.6442832890625 0.6585223234375001 0.6427683734375 0.69517928125 0.8502941171874999
1 0.6798345218749999 0.8518089281250001 0.6465875624999999 0.6457981 0.56560144375 0.648827615625 0.5886182859375 0.869986334375 0.6798345218749999 0.8518089281250001
1 0.47182800468749997 0.8684715234375 0.5775360843749999 0.8715010390625 0.5579290046875001 0.65488675 0.4760904453125 0.6397389640625 0.47182800468749997 0.8684715234375
1 0.4760904453125 0.6533720453125 0.3933993265625 0.6427683734375 0.3703820671875 0.8639271984375 0.4633031265625 0.8836194171875 0.47182800468749997 0.8533235265625001 0.4760904453125 0.6533720453125
1 0.263821490625 0.8821046062500001 0.3652673078125 0.8836194171875 0.3899893875 0.6579163703125 0.3098557078125 0.6518572359375 0.263821490625 0.8821046062500001
1 0.16226032343750002 0.8735479843749999 0.256149109375 0.8775601749999999 0.3013308296875 0.6564013484375 0.22460715000000003 0.6457981 0.16226032343750002 0.8735479843749999
1 0.08120563593749999 0.8579229843749999 0.15640829218750002 0.8775601749999999 0.2126723296875 0.6518572359375 0.1359485921875 0.6321650187500001 0.08120563593749999 0.8579229843749999