0 0.4786478859375 0.89270785625 0.481205325 0.6533720453125 0.3966353234375 0.6565340953125001 0.3976617671875 0.6609458859374999 0.37464462656249997 0.889678553125 0.4786478859375 0.89270785625
0 0.24038532343750002 0.607922984375 0.2817236890625 0.48977516874999993 0.2280170890625 0.477656896875 0.1862452515625 0.6003545296875 0.24038532343750002 0.607922984375
0 0.25529649062500004 0.607928475 0.2629688703125 0.603383990625 0.257001609375 0.6094430734375 0.32179052812500003 0.6109579359375 0.35247986875000004 0.4670534359375 0.290248509375 0.4579646796875 0.25529649062500004 0.607928475
0 0.3294629078125 0.6048988015625001 0.40277664687500003 0.607928475 0.4147114671875 0.4837160328125 0.3516274890625 0.480686465625 0.3294629078125 0.6048988015625001
0 0.40277664687500003 0.6018693390625 0.481205325 0.6003545296875 0.488025146875 0.46250895156249994 0.4147114671875 0.4700830046875 0.40277664687500003 0.6018693390625
0 0.5741263234375 0.6457981 0.48973020468749995 0.647312909375 0.48887770625 0.874530659375 0.587766084375 0.8760454703124999 0.5741263234375 0.6457981
0 0.7898049203124999 0.5715735015625001 0.8565962609375 0.56452020625 0.80685491875 0.45039078593750004 0.7531483203125 0.460994246875 0.7898049203124999 0.5715735015625001
0 0.8136747984375001 0.4579646796875 0.86056151875 0.5761179859375 0.9122603234375 0.56625631875 0.9100056765625 0.5639996609375 0.8571513984375001 0.4534202484375 0.8136747984375001 0.4579646796875
0 0.9023333578124999 0.55036663125 0.9571821984375 0.5523674296875 0.9057432375 0.43372803125 0.8562990781250001 0.4458464078125 0.9023333578124999 0.55036663125
0 0.9995166765624999 0.771525034375 0.9298384484375 0.607922984375 0.8767584796874999 0.61550236875 0.9321703171875001 0.7790991921875 0.9995166765624999 0.771525034375
0 0.8106978234375 0.6200757625 0.8648239578125001 0.7987914093749999 0.933875315625 0.77758416875 0.874201278125 0.607928475 0.8106978234375 0.6200757625
1 0.098439253125 0.83969055 0.1828353109375 0.8548382312499999 0.228869590625 0.6609458859374999 0.163228171875 0.6382241546875 0.098439253125 0.83969055
1 0.30474076875 0.6579163703125 0.2186397109375 0.6457981 0.18880275 0.8457496859375 0.2731986890625 0.8669565015625 0.30474076875 0.6579163703125
1 0.3985884484375 0.654797984375 0.2996258890625 0.6518572359375 0.2808710703125 0.84877930625 0.373792009375 0.8457496859375 0.3985884484375 0.654797984375
1 0.488025146875 0.5973248546875001 0.561339003125 0.6018693390625 0.5485515640624999 0.4428167875 0.4931401453125 0.44433164999999997 0.488025146875 0.5973248546875001
1 0.5743696984375 0.5888257625 0.64147268125 0.5836918796874999 0.6184556015625 0.4367576515625 0.5553714453125 0.4367576515625 0.5743696984375 0.5888257625
1 0.6508500015625 0.595810096875 0.6670470828124999 0.59126571875 0.7199013609375 0.5761179859375 0.681539521875 0.4428167875 0.6286853625 0.4428167875 0.6508500015625 0.595810096875
1 0.7325728234375 0.5732007625 0.788100159375 0.5715735015625001 0.7591156406249999 0.435242946875 0.7037041609375 0.43372803125 0.7325728234375 0.5732007625
1 0.7442915734375 0.623547984375 0.7812802796875 0.8260575734375 0.8750535984375001 0.7972763875 0.8153797984375 0.6094430734375 0.7442915734375 0.623547984375
1 0.6564009484375 0.632228540625 0.6917691625 0.8290868765624999 0.7778704000000001 0.7927322734375 0.7292784421875 0.6139876109375 0.6564009484375 0.632228540625
1 0.582651203125 0.6503424250000001 0.5894710828124999 0.8608973671875001 0.689211603125 0.8427201703125 0.6576698828125 0.636709290625 0.582651203125 0.6503424250000001