1 0.0976172796875 0.173762571875 0.0465717515625 0.279437728125 0.117383153125 0.28636243125 0.1650306046875 0.18087164375 0.0976172796875 0.173762571875
1 0.1727468015625 0.1831401953125 0.1198783265625 0.289476446875 0.1873735296875 0.2990911984375 0.2396627609375 0.192665740625 0.1727468015625 0.1831401953125
1 0.4103685578125 0.21918709062500003 0.36393845625 0.3228434171875 0.4399702328125 0.3346502953125 0.48731484218750004 0.226690690625 0.48262885312500003 0.22611532343750002 0.4103685578125 0.21918709062500003
1 0.3301231890625 0.20788963124999998 0.280280834375 0.3159248296875 0.3598548078125 0.320385746875 0.4057458734375 0.21707185 0.3301231890625 0.20788963124999998
1 0.2480451296875 0.19620264375000002 0.195760053125 0.3079200640625 0.2758639078125 0.31819804375 0.32634496875 0.206242840625 0.2480451296875 0.19620264375000002
1 0.48669026249999997 0.2281443515625 0.4394694640625 0.3354106203125 0.51755498125 0.347469665625 0.56199410625 0.23739050156250002 0.48669026249999997 0.2281443515625
1 0.5639024546875 0.2374839640625 0.519923709375 0.34947316875 0.6011645734375 0.36130180312500004 0.64521898125 0.2499178421875 0.5639024546875 0.2374839640625
0 0.8468040046875001 0.4112988671875 0.9293667734375 0.4219886984375 0.9693806281249999 0.286816021875 0.8886205265625 0.277678553125 0.8468040046875001 0.4112988671875
1 0.8012015281249999 0.269280721875 0.7597989968750001 0.40446107812500004 0.844568425 0.41416179218750004 0.8880949734374999 0.27839264531249996 0.8012015281249999 0.269280721875
0 0.64801105625 0.24735680000000002 0.596017596875 0.3858371125 0.675354190625 0.396196259375 0.7249434781249999 0.2591387875 0.64801105625 0.24735680000000002
0 0.7269119546875 0.260937734375 0.677097021875 0.393321065625 0.7586801750000001 0.40519172968749995 0.80086434375 0.2684606984375 0.7269119546875 0.260937734375
1 0.043128815625 0.44331506875000004 0.12741455 0.4530307265625 0.19082450625 0.3097862328125 0.11324598906250001 0.2986593546875 0.043128815625 0.44331506875000004
0 0.10973696875000001 0.29729749375000003 0.023831240625 0.29021390937499997 0.0053887640625 0.4255307265625 0.0025761515624999998 0.44843762187499997 0.039568776562500005 0.4492112125 0.10973696875000001 0.29729749375000003
1 0.37704141562500004 0.48381306874999996 0.4608675015625 0.49727224843749995 0.51420016875 0.356076125 0.4381692515625 0.3456535203125 0.37704141562500004 0.48381306874999996
1 0.13087882343749999 0.4509227796875 0.20835705781249997 0.46676917656250005 0.2757288203125 0.32831499062499997 0.1934990265625 0.3180130859375 0.13087882343749999 0.4509227796875
1 0.292659084375 0.47851883125 0.3776342875 0.48261920937499997 0.43442905 0.346787953125 0.3579529359375 0.3383375015625 0.292659084375 0.47851883125
0 0.278579403125 0.3292249828125 0.2098534453125 0.46835157812499995 0.29047725 0.4788842625 0.3540709375 0.33996015 0.278579403125 0.3292249828125
1 0.5422053203125 0.51359254375 0.5894690687499999 0.38810997187499996 0.5957549296875 0.367535915625 0.517740440625 0.3560569609375 0.4616902921875 0.49927325468749995 0.5422053203125 0.51359254375
1 1 0.42544255781249996 0.9296669218750001 0.41885045625000006 0.8935771578124999 0.5570302453125 0.9805306296875 0.56876170625 1 0.48182713125000004 1 0.42544255781249996
0 0.8044135406249999 0.5439725 0.8900705359375 0.5565996859375 0.9259698500000001 0.424812925 0.84186053125 0.41776100781250003 0.8044135406249999 0.5439725
0 0.62922619375 0.522377384375 0.7150364609375 0.5341802125 0.75721195625 0.40718674374999997 0.6747548531249999 0.3981356609375 0.62922619375 0.522377384375
0 0.715653175 0.53729375625 0.80123615 0.5456921953125 0.840680428125 0.41602798906249994 0.7584136765625 0.40646010937500004 0.715653175 0.53729375625
0 0.545642203125 0.5127478875 0.6289519296875 0.52171038125 0.6729857499999999 0.399377509375 0.594252096875 0.3895178171875 0.545642203125 0.5127478875
1 0 0.737297584375 0.0554182375 0.7451181609375 0.12490080781249999 0.5692853078125 0.052662928124999994 0.5637608234375 0 0.675487965625 0 0.737297584375
1 0.7166869515625 0.8299524937499999 0.8114936109374999 0.8405820078125 0.8611083609374999 0.6588714812500001 0.7713487328124999 0.6510943328125001 0.7166869515625 0.8299524937499999
1 0.1288131953125 0.5710883421874999 0.0573080640625 0.745855840625 0.1356579453125 0.7585098343750001 0.2027062125 0.5784342390625 0.1288131953125 0.5710883421874999
1 0.5868572828125 0.624396515625 0.5239591703124999 0.807805415625 0.61674375 0.818692290625 0.6735595796875 0.639482753125 0.5868572828125 0.624396515625
0 0.86344905625 0.660501275 0.81277078125 0.838569059375 0.907860459375 0.8552030859374999 0.9540120484375001 0.6739032203125 0.86344905625 0.660501275
0 0.2262205 0.583149721875 0.1541649046875 0.7624003890625 0.24056762968749998 0.7719980296875 0.3094750671875 0.594374421875 0.2262205 0.583149721875
1 0.49555412031249996 0.6222874093749999 0.43368597500000006 0.7926761421874999 0.523923690625 0.8057784984374999 0.5831030515625 0.6294975890625001 0.49555412031249996 0.6222874093749999
0 0.6753806625000001 0.6448729734375 0.6175664765625 0.8192989468749999 0.7135903031249999 0.83159483125 0.767596721875 0.6498159390625 0.6753806625000001 0.6448729734375
1 0.3118563515625 0.595181403125 0.24178735625 0.7721477921875 0.33364469531249996 0.7859546578125001 0.406013484375 0.610271590625 0.3118563515625 0.595181403125
0 0.43906969843750004 0.7721003125 0.49308359843750005 0.621771203125 0.408633728125 0.610603646875 0.3371252640625 0.7848650968750001 0.4319221265625 0.7909426500000001 0.43906969843750004 0.7721003125
1 1 0.0967529328125 0.9482210515625 0.09019314218749999 0.9187906531250001 0.1850230578125 0.9966704765625 0.1953762078125 1 0.1833400453125 1 0.0967529328125
1 0.840110265625 0.175757675 0.9179900890624999 0.1861108265625 0.94784014375 0.0901226703125 0.871559775 0.0807803203125 0.840110265625 0.175757675
1 0 0.88023769375 0.056932996874999996 0.7470848453125 0 0.7363379265625001 0 0.88023769375
0 0.76086815625 0.16972939375 0.8393517562499999 0.176890125 0.8707392234375 0.080046165625 0.7967434515625 0.07221204375 0.76086815625 0.16972939375
1 0.684949165625 0.1624709203125 0.7606395484374999 0.169701325 0.79546064375 0.07179311875 0.7221462 0.0655284953125 0.684949165625 0.1624709203125
1 0.6077428078125 0.15257852968750002 0.68478388125 0.162037984375 0.7218510765625 0.0650650015625 0.6419549671875 0.061046584375000004 0.6077428078125 0.15257852968750002
1 0.0749394953125 0.9361834312499999 0.1681410125 0.946876846875 0.2388973578125 0.77422750625 0.152187034375 0.7640970296875 0.0749394953125 0.9361834312499999
1 0.169712946875 0.9478201484375001 0.262226521875 0.9606799765625 0.33101290781250003 0.7909381546875001 0.24197241093750002 0.7751212875 0.169712946875 0.9478201484375001
1 0 0.9363622890625001 0.0691316296875 0.943723553125 0.1470113359375 0.7611452296875 0.060396528125 0.7468242187499999 0 0.8824629203125 0 0.9363622890625001
1 0.2634159578125 0.9645774921875001 0.3609557171875 0.9743029859375 0.4239572359375 0.798150065625 0.3358569328125 0.7904003281249999 0.2634159578125 0.9645774921875001
1 0.76469821875 1 0.8081451640624999 0.8441223484375 0.7192838046875 0.8337277578125001 0.66402945625 1 0.76469821875 1
1 0.6606099609375 1 0.715751078125 0.8351779078125 0.6214191312499999 0.823212075 0.5592901109375 1 0.6606099609375 1
1 0.55832269375 1 0.6196572609375 0.8233790687500001 0.523231634375 0.8134070484375 0.456715378125 0.9943140296875 0.5030238890625001 1 0.55832269375 1
1 0.45555938749999997 0.9982982921874999 0.5208308265625 0.811844740625 0.4280837 0.7987231765625 0.3582994203125 0.98635626875 0.45555938749999997 0.9982982921874999
1 0.8725382671874999 1 0.906536115625 0.8592033953125 0.8099005265624999 0.8448540921875001 0.7683210578125 1 0.8725382671874999 1
1 0.35403622343749996 0.0178188359375 0.3088198015625 0.1219586640625 0.38089844687499996 0.132062428125 0.42290024062500003 0.02838441875 0.35403622343749996 0.0178188359375
1 0.6408673515625 0.060913040625000005 0.5728208765625 0.053795906250000004 0.5351170546875 0.1421270171875 0.607848146875 0.1521788234375 0.6408673515625 0.060913040625000005
1 0.2904556296875 0.0131461703125 0.2342026734375 0.115304071875 0.3080748015625 0.123062740625 0.3518768390625 0.0181805078125 0.2904556296875 0.0131461703125
1 0.4260072140625 0.031670242187499996 0.3829380296875 0.12980561875000002 0.4578265984375 0.1371203484375 0.49822384062499997 0.0441495953125 0.4260072140625 0.031670242187499996
1 0.45890320781250005 0.1367791703125 0.53372906875 0.143490784375 0.5720949859375 0.0526172703125 0.5007592765625 0.04536049375 0.45890320781250005 0.1367791703125
1 0.1463737765625 0 0.0888491015625 0.0987105171875 0.1589958171875 0.10732345000000001 0.21774022343750002 0.0050735125 0.14846231875 0 0.1463737765625 0
0 0.233822640625 0.119645078125 0.284746878125 0.0149524609375 0.2216970203125 0.00595729375 0.2080507875 0.0281005171875 0.160929671875 0.10756089843750001 0.233822640625 0.119645078125
1 0.0576373671875 0 0.052063784375 0.04539319375 0.046331621875 0.094743646875 0.08865347812499999 0.097432878125 0.1426785015625 0 0.0576373671875 0