1 0.9614182671875 0.7354482859375 0.989377228125 0.6214694234375 0.9186734984375 0.629418559375 0.8940000265625001 0.7425105828125 0.9614182671875 0.7354482859375
1 0.8859807875 0.7418958921875001 0.9155854109374999 0.6268913687500001 0.8475661203125 0.6315197640625 0.8185466312499999 0.7464911125 0.8859807875 0.7418958921875001
1 0.6460570671875 0.7560410484375 0.6699211984375 0.6449965 0.593096109375 0.6492555265625 0.5692321578125 0.764699453125 0.573935371875 0.764287975 0.6460570671875 0.7560410484375
1 0.7268977546875 0.75040768125 0.7531891546875 0.634370503125 0.6744265859375 0.6465514265625 0.65101851875 0.75714895625 0.7268977546875 0.75040768125
1 0.8096120750000001 0.7447742921875 0.8375272375 0.6246274859375001 0.7570369343750001 0.631228634375 0.7309357999999999 0.75123295 0.8096120750000001 0.7447742921875
1 0.56954085625 0.7631477 0.5934278546875 0.6484077015625 0.5145414765625 0.6528470671875 0.4939601984375 0.76976015 0.56954085625 0.7631477
1 0.4920741203125 0.7700654984375 0.511807959375 0.65137983125 0.4298830921875 0.65670060625 0.40994940625 0.7748099859375001 0.4920741203125 0.7700654984375
0 0.17921649687500002 0.65886740625 0.09623538125 0.6655769390625 0.08519990625 0.8061151171875001 0.16609499218749998 0.798261940625 0.17921649687500002 0.65886740625
1 0.25334968281250003 0.7883008265625 0.2657418921875 0.6474664156250001 0.1808079875 0.655602240625 0.1664605921875 0.797454184375 0.25334968281250003 0.7883008265625
0 0.40775081562500004 0.7778955703125 0.4298164171875 0.6316313359375 0.35005973125 0.637993565625 0.3300499375 0.7823661953125 0.40775081562500004 0.7778955703125
0 0.32775045468749997 0.7810158296874999 0.34895277187499996 0.6411682859375001 0.2666843546875 0.6465191156250001 0.25384999218750004 0.7890328265625 0.32775045468749997 0.7810158296874999
1 0.9586729125 0.46045736875000004 0.8742090250000001 0.4684780125 0.8419669328125 0.621775940625 0.9201635828124999 0.6165301890625 0.9586729125 0.46045736875000004
1 1 0.47964207343750004 0.9992858265625 0.4700064828125 0.9972743656249999 0.44701538281250003 0.960929278125 0.4539498953125 0.92387906875 0.6171327234375 1 0.60740005625 1 0.47964207343750004
1 0.623637096875 0.4902686796875 0.5388444921875 0.4945320390625 0.5160335953125 0.6437311734375 0.5925700359375 0.638118303125 0.623637096875 0.4902686796875
1 0.8712587218750001 0.47126015624999995 0.7921789203125 0.4718686734375 0.7550656375 0.6213046796875 0.8376403984374999 0.614284928125 0.8712587218750001 0.47126015624999995
1 0.7072762046875 0.47790315312500004 0.6233053984375 0.49155971718749997 0.5959926421875 0.6362310296875 0.6725545171875 0.6285965390625 0.7072762046875 0.47790315312500004
0 0.752088146875 0.6210072421875 0.7903862328125 0.4706319671875 0.709334384375 0.477092078125 0.67601431875 0.6262022375 0.752088146875 0.6210072421875
1 0.45589091875000004 0.495479465625 0.435749290625 0.628046628125 0.4338783765625 0.6494779953125 0.5125746703125 0.6444859828125 0.5376236484375 0.492745828125 0.45589091875000004 0.495479465625
1 0.10316619375 0.52604529375 0.0156737546875 0.5326488390625 0.014088864062500001 0.6783215921875 0.0965942703125 0.6687090062500001 0.10316619375 0.52604529375
0 0.1930962296875 0.5202795375 0.10668570468750001 0.5257373765625 0.098970884375 0.66210816875 0.182708390625 0.6515186749999999 0.1930962296875 0.5202795375
0 0.3689451890625 0.5049792515625 0.2825561359375 0.5112753015625 0.26770570312499997 0.6442624359375 0.350242746875 0.6359719359375 0.3689451890625 0.5049792515625
0 0.28130555625000003 0.5083580171875 0.19584664062499998 0.51793680625 0.18422301875 0.652968465625 0.26668132031249997 0.64522304375 0.28130555625000003 0.5083580171875
0 0.452704753125 0.49702023281249996 0.3693521375 0.5055746562500001 0.3517149953125 0.6343894062500001 0.430778075 0.6276639953125 0.452704753125 0.49702023281249996
1 0.9243050640625 0.3446258953125 0.9672585078125 0.1620232734375 0.8839036531250001 0.1678045125 0.8524971499999999 0.3542412359375 0.9243050640625 0.3446258953125
1 0.21944719687499997 0.2223095109375 0.124502290625 0.2316236890625 0.1137514859375 0.419678890625 0.20316660937500003 0.40862401562499995 0.21944719687499997 0.2223095109375
1 0.8482953859375 0.35329103125 0.8819017515625 0.1674758703125 0.8026330890625 0.171388253125 0.774489809375 0.361468884375 0.8482953859375 0.35329103125
1 0.38917726875 0.3963804921875 0.41256804999999996 0.2039022625 0.319547528125 0.21254429218749998 0.30123301874999997 0.3996503453125 0.38917726875 0.3963804921875
0 0.1111230859375 0.41857137031249997 0.12367154531249999 0.2338581890625 0.027201395312499998 0.2373579125 0.0197526921875 0.4242913953125 0.1111230859375 0.41857137031249997
1 0.7505089625 0.361745340625 0.783721659375 0.1714305296875 0.69721158125 0.1800067578125 0.6667399609375 0.36807552499999996 0.7505089625 0.361745340625
1 0.4789237453125 0.3794605140625 0.5040141124999999 0.1999320734375 0.413024175 0.205877509375 0.3917888875 0.390610340625 0.4789237453125 0.3794605140625
0 0.2983310421875 0.39475653906249997 0.31861665 0.2121219453125 0.22213471562499998 0.2200592328125 0.2071024234375 0.40909438593749997 0.2983310421875 0.39475653906249997
1 0.6642429328125 0.367781275 0.6959873703125 0.1801138625 0.603266725 0.185706925 0.5690059328125 0.3725972140625 0.6642429328125 0.367781275
0 0.5030259921875 0.22117761093750002 0.48144760625 0.3794517890625 0.566373909375 0.3728171921875 0.6000887484375 0.187496328125 0.50609983125 0.20126095781250003 0.5030259921875 0.22117761093750002
1 0.0755233421875 1 0.146777290625 0.9940419921875 0.15584831562499998 0.8951654124999999 0.0775178125 0.90123063125 0.0715410765625 1 0.0755233421875 1
1 0.23473572968749998 0.8878697515624999 0.156405225 0.89393496875 0.1471645265625 0.994031728125 0.22372036875 0.9873103437499999 0.23473572968749998 0.8878697515624999
1 0.914771259375 0 0.8820130984375 0.1661957421875 0.97252469375 0.164125340625 0.9581655874999999 0 0.914771259375 0
0 0.3134995578125 0.8772909406249999 0.23524221562499997 0.886604346875 0.22467562968750002 0.9878578546875 0.298683221875 0.9801361953125 0.3134995578125 0.8772909406249999
1 0.38926865781250003 0.8686063531249999 0.31372900625 0.877270865625 0.300025096875 0.9802792546875001 0.3730399328125 0.9711640515625 0.38926865781250003 0.8686063531249999
1 0.466844615625 0.8622304671875 0.38952034375 0.8689954640625001 0.37342497343750003 0.9715560562500001 0.45241063593749997 0.958875328125 0.466844615625 0.8622304671875
1 0.7305876171875 0 0.6983818187499999 0.1774787296875 0.7853035578124999 0.1693597421875 0.821842296875 0 0.7305876171875 0
1 0.6367881296875 0 0.6048048765625 0.18028515 0.6951881359375001 0.1772438203125 0.7286949546875 0 0.6367881296875 0
1 0.8245651171875 0 0.79097986875 0.17117095 0.8786794406249999 0.1671707828125 0.9142194453125001 0 0.8245651171875 0
1 0.6021195546875 0 0.537392696875 0.007152740624999999 0.5123921625000001 0.19255505 0.6001785234375 0.181818353125 0.634147825 0 0.6021195546875 0
1 0.237824071875 0.025138590625000002 0.13923481875 0.0322689390625 0.1270414875 0.2274645328125 0.21612217031249997 0.21915666093750003 0.237824071875 0.025138590625000002
1 0.338851625 0.01704736875 0.24116167968750002 0.0248465875 0.21927619531250003 0.21700370468750002 0.3140346 0.20909534062500001 0.338851625 0.01704736875
1 0.3157232484375 0.2085656828125 0.4121150421875 0.1982717765625 0.439565084375 0.007488539062500001 0.3398540375 0.016212125 0.3157232484375 0.2085656828125
1 0.4781695265625 0 0.4398674390625 0.0033509984375 0.414788209375 0.1993007875 0.5082367156250001 0.1928524015625 0.536718515625 0 0.4781695265625 0
1 0.0276650890625 0.23316967187499998 0.12517234531250002 0.22711374062499998 0.1355135703125 0.0299785125 0.10989830625000001 0.0322195578125 0.032913462500000004 0.0423184 0.0276650890625 0.23316967187499998
1 0.7430252187499999 0.9412967734375 0.765601665625 0.8300316265625 0.6929974203125 0.835134646875 0.6734693375 0.9452797078125 0.7430252187499999 0.9412967734375
1 0.45350225 0.958779825 0.52154148125 0.9515937765625001 0.5400563140625 0.8573538453125 0.46682468281249995 0.8626433406249999 0.45350225 0.958779825
1 0.8061879265625 0.93264818125 0.839971796875 0.8210270281250001 0.7661008359375 0.8287967828125 0.7450622203124999 0.94049404375 0.8061879265625 0.93264818125
1 0.6697470984375 0.9427116640625 0.6914716249999999 0.8377661921874999 0.6166987328125 0.8461815171874999 0.5965139734375 0.9455196953125 0.6697470984375 0.9427116640625
1 0.6157165859375 0.8467390781249999 0.541130425 0.8557313015625001 0.5224965625 0.9525957343749999 0.593782184375 0.9448624046875 0.6157165859375 0.8467390781249999
1 0.94980136875 0.915712034375 0.9855990406249999 0.8070372671875001 0.9151944671875001 0.8131968687500001 0.878992725 0.9254260499999999 0.94980136875 0.915712034375
0 0.8394409812499999 0.8167018687500001 0.811396378125 0.9296944453125 0.874938646875 0.9253842453125 0.8836828406249999 0.9008876921875 0.91325350625 0.81336668125 0.8394409812499999 0.8167018687500001
1 1 0.8061961546875 0.9860560250000001 0.8082463140625 0.952995865625 0.9163293343750001 1 0.9120665156250001 1 0.8061961546875