1 0.9654571296875 0.7273595671875001 0.9914226265625 0.6129101125 0.920868396875 0.6220919890625 0.8981724109375 0.7355973984374999 0.9654571296875 0.7273595671875001
1 0.8901436671875 0.73512275625 0.9177366749999999 0.6196190765625 0.8498085203124999 0.6254338671874999 0.822799978125 0.740894165625 0.8901436671875 0.73512275625
1 0.6505033546875 0.7534530046875 0.6724258562500001 0.6420088828125 0.5956868 0.64760804375 0.5738412562499999 0.7634508703125 0.578536571875 0.762957371875 0.6505033546875 0.7534530046875
1 0.7312334140625001 0.7464096312499999 0.75549568125 0.629931278125 0.6769576953125 0.6434849421875 0.6554833859375 0.7544741546875 0.7312334140625001 0.7464096312499999
1 0.8138368187499999 0.7393335359375001 0.8396508796875001 0.6187178421875 0.759288040625 0.626722734375 0.735285246875 0.7471643 0.8138368187499999 0.7393335359375001
1 0.574122825 0.761893965625 0.596003696875 0.64675455625 0.5172068109375 0.652570003125 0.4986690828125 0.7698244734374999 0.574122825 0.761893965625
1 0.49678862031250004 0.770162690625 0.514448103125 0.6511506984375 0.43262857343750005 0.6579004484375 0.4147592171875 0.77633973125 0.49678862031250004 0.770162690625
0 0.1820379734375 0.6644416546875 0.09918659375 0.6725983859375 0.09060552656250001 0.8133077546875 0.17135123593749998 0.804043959375 0.1820379734375 0.6644416546875
1 0.25841879218749997 0.792561559375 0.268351215625 0.6515323234375 0.1835722359375 0.6611492109375 0.1717026828125 0.8032299453125 0.25841879218749997 0.792561559375
0 0.4126148109375 0.779463215625 0.43212438906250006 0.632836159375 0.3524908875 0.6405893671875 0.3350037921875 0.7852892265625 0.4126148109375 0.779463215625
0 0.33268109218749997 0.7839791984375 0.351439503125 0.643782921875 0.2692770015625 0.65056871875 0.2589318 0.793284715625 0.33268109218749997 0.7839791984375
1 0.9579129406250001 0.45245844531249996 0.8736018968750001 0.46195196562499996 0.8440401328125 0.615789246875 0.9221333218750001 0.609179575 0.9579129406250001 0.45245844531249996
0 1 0.47562437031250004 0.9986863234375001 0.4612973109375 0.99627391875 0.43834481875 0.9600553921874999 0.445912584375 0.9258587578125 0.609717175 1 0.5989193875 1 0.47562437031250004
1 0.62344843125 0.48811239687499997 0.538743146875 0.4938549421875 0.518539609375 0.6434294578124999 0.5949664328125001 0.636481696875 0.62344843125 0.48811239687499997
1 0.8707005984375 0.464785175 0.7916434609375 0.4667737328125 0.7571438484375 0.6168346953125 0.839583521875 0.608374884375 0.8707005984375 0.464785175
1 0.7068589921874999 0.47428905 0.623139315625 0.48940902656249996 0.59835558125 0.634534978125 0.67477255625 0.6255654625 0.7068589921874999 0.47428905
0 0.7541616203125 0.6165892671875 0.7898294640625 0.4655685015625 0.7089027031249999 0.473442178125 0.67819004375 0.6231111421875 0.7541616203125 0.6165892671875
1 0.4558187421875 0.49624996406250005 0.437993796875 0.6291484546875 0.4364971984375 0.6506092109375 0.515094384375 0.64424451875 0.537491315625 0.4920903109375 0.4558187421875 0.49624996406250005
1 0.1036811859375 0.5329670328125 0.0163173203125 0.5410965234375 0.017275010937499998 0.6867747515625 0.0996000890625 0.6757237125 0.1036811859375 0.5329670328125
0 0.1934968984375 0.525632659375 0.1071947875 0.5325977375 0.101861140625 0.6690824015625 0.18540108125000002 0.6570331 0.1934968984375 0.525632659375
0 0.36905204999999996 0.507265715625 0.28278603593749996 0.515068503125 0.270258809375 0.648294559375 0.35263859218750004 0.6385648515625 0.36905204999999996 0.507265715625
0 0.28148473125 0.5121734890625 0.1962060046875 0.5232422828125001 0.18694078125 0.6584562359375 0.269251346875 0.6492728984375 0.28148473125 0.5121734890625
0 0.45265995156249994 0.49784610156250003 0.3694693265625 0.5078539265625001 0.3540829984375 0.63695686875 0.4330166609375 0.628852640625 0.45265995156249994 0.49784610156250003
1 0.9215287875 0.33724441562499996 0.9612888343750001 0.1539199640625 0.878047571875 0.16115506562499998 0.8498996218749999 0.34811151093750003 0.9215287875 0.33724441562499996
1 0.21464355937500001 0.22724812499999997 0.11987566875 0.23821790312500002 0.11240851562500001 0.426432090625 0.2016170875 0.4138183890625 0.21464355937500001 0.22724812499999997
1 0.8456819140625 0.347234784375 0.8760402390625 0.1608614109375 0.79685193125 0.16615662656250002 0.7720303015625001 0.356699475 0.8456819140625 0.347234784375
1 0.3873857375 0.398330396875 0.4074137484375 0.20547325781249998 0.31455821875 0.2157374015625 0.2995119484375 0.403134590625 0.3873857375 0.398330396875
0 0.10976118906250001 0.4253706109375 0.119084046875 0.2404665609375 0.02268966875 0.2456493875 0.0185045375 0.43268439687500004 0.10976118906250001 0.4253706109375
0 0.74805793125 0.35739441250000004 0.7779441203124999 0.166528946875 0.6915968921875 0.1766136765625 0.664412165625 0.3651856046875 0.74805793125 0.35739441250000004
1 0.47682325 0.379846703125 0.49877659375 0.19990771875 0.4079042765625 0.20744024374999998 0.3898962546875 0.3925155453125 0.47682325 0.379846703125
0 0.2965250046875 0.3982921765625 0.3136201109375 0.21533136718749998 0.21729139531250002 0.22495128593749997 0.2055605109375 0.4142199984375 0.2965250046875 0.3982921765625
1 0.6619103828124999 0.36493497812500003 0.6903747375 0.17674213125 0.5977658265625 0.183952540625 0.5667719375 0.3714122984375 0.6619103828124999 0.36493497812500003
0 0.49815940937500003 0.22116726562500003 0.479346575 0.3797939328125 0.5641441546875 0.371678178125 0.5946195640624999 0.185797134375 0.5008851859375001 0.2012000015625 0.49815940937500003 0.22116726562500003
1 0.15546305 1 0.16279731875 0.901111503125 0.0845845984375 0.9085428515625 0.0806508859375 1 0.15546305 1
1 0.15692472500000001 1 0.2322671859375 0.9920578687500001 0.24154539062499997 0.892440178125 0.1633326703125 0.899871525 0.1558488515625 1 0.15692472500000001 1
1 0.904699528125 0 0.876129228125 0.159579534375 0.9665909046875001 0.155929803125 0.9502020218749999 0 0.904699528125 0
0 0.3201125984375 0.880488359375 0.24202971562500003 0.891166125 0.23323185624999998 0.9925886234375 0.3070934140625 0.98357653125 0.3201125984375 0.880488359375
1 0.395718590625 0.8704827406250001 0.3203416609375 0.8804642828125001 0.3084375828125 0.9836961484375 0.38128221562500003 0.97330805 0.395718590625 0.8704827406250001
1 0.47317145937499994 0.8627539390625 0.395977028125 0.8708674015625 0.3816740390625 0.9736932749999999 0.46042636249999996 0.9596359890624999 0.47317145937499994 0.8627539390625
1 0.7211808109375 0 0.69272283125 0.17406561250000002 0.7794896375 0.1644308671875 0.8119725109375 0 0.7211808109375 0
1 0.627672571875 0 0.5992091203125 0.178504746875 0.6895255359375 0.173886475 0.7192643375000001 0 0.627672571875 0
1 0.8147939624999999 0 0.7851966921875 0.166142734375 0.8728130953125 0.16061260625 0.9040394703124999 0 0.8147939624999999 0
1 0.5800707640625 0 0.52878563125 0.006575210937500001 0.5070246218750001 0.1923856015625 0.59461023125 0.1801184578125 0.6250187921875 0 0.5800707640625 0
1 0.229576528125 0.029786515625 0.1311267328125 0.038636396875 0.1223418921875 0.2340150640625 0.2112640140625 0.22415378593750002 0.229576528125 0.029786515625
1 0.330447484375 0.019933353125 0.23290853125000002 0.0294363078125 0.214379984375 0.22194611250000001 0.3089859359375 0.212385190625 0.330447484375 0.019933353125
1 0.31066508437499996 0.2118261421875 0.40686254374999997 0.199851534375 0.43097877812499996 0.008618285937500001 0.331435165625 0.019080740625000002 0.31066508437499996 0.2118261421875
1 0.473796109375 0 0.4312088765625 0.0044760984375 0.40955326249999996 0.2008337359375 0.5028749968749999 0.19275543125 0.527913371875 0 0.473796109375 0
1 0.023080196875 0.24145369218749999 0.1204669125 0.233696946875 0.127366078125 0.0364112640625 0.1017938265625 0.039099015625 0.02499695625 0.05053989062499999 0.023080196875 0.24145369218749999
1 0.7506898953125 0.9369881875000001 0.7713210593750001 0.8253459734374999 0.6988169328125 0.831715334375 0.68121411875 0.94218443125 0.7506898953125 0.9369881875000001
1 0.46151614375000005 0.9595214484374999 0.5294195984375001 0.9511490453125001 0.5462868984375 0.8566003390624999 0.473158734375 0.863167096875 0.46151614375000005 0.9595214484374999
1 0.8136920453125001 0.927238571875 0.8455227125 0.8150448078125001 0.7717986031249999 0.82410260625 0.7527125765625 0.9361500296875 0.8136920453125001 0.927238571875
1 0.677447628125 0.9396817421874999 0.697337296875 0.834373109375 0.622722659375 0.8440921171875001 0.604274665625 0.9437674406250001 0.677447628125 0.9396817421874999
1 0.6217503921875001 0.8446667359375001 0.547332528125 0.8549592968749999 0.5303920203125 0.9521341828125 0.6015318203125 0.9431579250000001 0.6217503921875001 0.8446667359375001
1 0.9569880359375 0.9077986031249999 0.9908836203125 0.79851563125 0.9205972703124999 0.8059030249999999 0.8863597109375 0.9187469203124999 0.9569880359375 0.9077986031249999
0 0.8449164921874999 0.810729571875 0.818848153125 0.924194384375 0.8823055203125 0.918775875 0.890620859375 0.8941304453125 0.9186595671875001 0.8061066859375 0.8449164921874999 0.810729571875
1 1 0.7982919953125001 0.9913616359375 0.79971651875 0.960192821875 0.9083600578125001 1 0.9040482703125001 1 0.7982919953125001