1 1 0.544067571875 0.9337644562499999 0.5623302375 0.9270862453125 0.6778896921875 0.9925696687500001 0.6603678078125 1 0.5715568515625 1 0.544067571875
1 0.919069578125 0.678537053125 0.9303190484374999 0.5603172437499999 0.863861228125 0.5755292171875 0.8531844984375001 0.6936247265625 0.919069578125 0.678537053125
1 0.6843125062500001 0.7300403984375 0.6905116359375 0.6166298218749999 0.6152986515625 0.632854503125 0.6097879125000001 0.7506102671875 0.614368853125 0.7494681109375 0.6843125062500001 0.7300403984375
1 0.763276659375 0.71183011875 0.7710921546875 0.59310866875 0.6952048 0.61746080625 0.6893861890624999 0.730358525 0.763276659375 0.71183011875
1 0.844091371875 0.6933267140625 0.8528677515625 0.5702922218750001 0.7744010640625001 0.58940355625 0.7673940890625001 0.7120135375000001 0.844091371875 0.6933267140625
1 0.6098500625 0.749029328125 0.61549368125 0.6319652203125 0.5382729953125 0.648690478125 0.53623434375 0.7673837875 0.6098500625 0.749029328125
1 0.534419253125 0.7679804234375001 0.53534360625 0.6476689234374999 0.4552597234375 0.6657400625000001 0.45404783125000003 0.7855136359375 0.534419253125 0.7679804234375001
0 0.2080182125 0.70709308125 0.127108334375 0.7267011140624999 0.1381937375 0.8672353640624999 0.2168643640625 0.8468240921874999 0.2080182125 0.70709308125
1 0.30148654375 0.8233359765625 0.29169482812499997 0.6822969015625 0.20907932499999998 0.7036191515625 0.21709910156249998 0.8459690875 0.30148654375 0.8233359765625
0 0.45235900000000007 0.788905165625 0.4512721703125 0.6409898671875001 0.37349269375 0.6597504625 0.3763141109375 0.8054758453125 0.45235900000000007 0.788905165625
0 0.37383169375 0.8045018234375 0.3728959984375 0.6630592625 0.292477496875 0.6812138296875 0.302095203125 0.8239806984375001 0.37383169375 0.8045018234375
1 0.9468400578124999 0.389191953125 0.8646707656249999 0.41032691093749996 0.8568067078125001 0.5667812624999999 0.933220009375 0.54936744375 0.9468400578124999 0.389191953125
0 1 0.4413776453125 0.98844676875 0.392270240625 0.9828634718749999 0.3698768625 0.9480506500000001 0.3824116234375 0.9369840078125 0.54938133125 1 0.5309706515625 1 0.4413776453125
1 0.6205926046875 0.4710473859375 0.5375108734375 0.4885227421875 0.5383207046875 0.639453396875 0.6130368078124999 0.62193669375 0.6205926046875 0.4710473859375
1 0.862192009375 0.4135363328125 0.7841810046875 0.4265081640625 0.7709015890625001 0.5799101609374999 0.8513615874999999 0.5600592953125 0.862192009375 0.4135363328125
1 0.7012675828125 0.445750059375 0.620466953125 0.47237441562500004 0.6161220421875 0.6195372421875 0.690547015625 0.600019828125 0.7012675828125 0.445750059375
0 0.767914228125 0.58008216875 0.782216925 0.425567121875 0.7031735421875001 0.444627 0.6935896703125 0.5971137718749999 0.767914228125 0.58008216875
1 0.4557268078125 0.5024353015624999 0.45657122812499995 0.6365211859375 0.458075953125 0.657981375 0.53502244375 0.640740009375 0.5360256359375 0.4869495046875 0.4557268078125 0.5024353015624999
1 0.1121262578125 0.5878031171875 0.026744017187500004 0.60801219375 0.047966879687500005 0.75213940625 0.12795276718749998 0.729738478125 0.1121262578125 0.5878031171875
0 0.2000471421875 0.568040190625 0.11555426875000001 0.58694841875 0.1292675234375 0.7228471234375 0.21031751875000002 0.699288571875 0.2000471421875 0.568040190625
0 0.37133761718749997 0.5254194390625 0.2869970765625 0.5451521984375 0.2931332484375 0.6788251609375 0.373357203125 0.6577250921875 0.37133761718749997 0.5254194390625
0 0.2853055296875 0.5424664640625 0.20239720781249998 0.5652960421875 0.2120402984375 0.7004835734375 0.29227174843750003 0.6799341906249999 0.2853055296875 0.5424664640625
0 0.45282089843750006 0.504455525 0.371832696875 0.5259438515625 0.374563765625 0.6559317359375 0.451601359375 0.636920934375 0.45282089843750006 0.504455525
1 0.8947752984375 0.2801628734375 0.908634571875 0.0930889921875 0.8272103390625001 0.111838628125 0.8253556296875001 0.3008930640625 0.8947752984375 0.2801628734375
1 0.1794609046875 0.26961646875 0.0871419859375 0.29366863125 0.10594185625000001 0.48109035625 0.19252676875000002 0.456183978125 0.1794609046875 0.26961646875
1 0.8210569515625 0.30061186093750003 0.8251816734374999 0.1118271984375 0.7475009703125 0.1280917625 0.74943934375 0.32023476562500003 0.8210569515625 0.30061186093750003
1 0.37433201718750003 0.41499271406249993 0.3673245921875 0.2212250875 0.2768012171875 0.244312334375 0.287982025 0.431979821875 0.37433201718750003 0.41499271406249993
0 0 0.383011365625 0.013821896875 0.500350725 0.1031725625 0.48040764375 0.086671021875 0.2960055765625 0 0.3129746515625 0 0.383011365625
0 0.7257969875 0.32425925 0.7288289859375 0.13109191874999998 0.64472560625 0.15309571718749998 0.64404958125 0.34361585781250004 0.7257969875 0.32425925
1 0.46032669843749996 0.3842416078125 0.4570237265625 0.2029984609375 0.368084096875 0.2231046625 0.3760088328125 0.40888505625000005 0.46032669843749996 0.3842416078125
0 0.2843502171875 0.4276002359375 0.2758157296875 0.244040809375 0.1817633140625 0.266973475 0.19648770625 0.45603286093750006 0.2843502171875 0.4276002359375
1 0.6415372640625 0.3437158515625 0.643533225 0.1533930109375 0.552829071875 0.1734219203125 0.5482261671875001 0.363370846875 0.6415372640625 0.3437158515625
0 0.45937130625 0.2241370078125 0.462818121875 0.383838171875 0.5456609609374999 0.36399985625000003 0.5499701453125 0.1756864359375 0.45929165000000005 0.20398470781250003 0.45937130625 0.2241370078125
1 0.2255724421875 1 0.221902884375 0.94413745625 0.14548556875000002 0.962381590625 0.1491324203125 1 0.2255724421875 1
1 0.3022061796875 1 0.2986777703125 0.9245909062500001 0.222260453125 0.9428350390625001 0.2259827328125 1 0.3022061796875 1
1 0.8292422875 0 0.8250913921875 0.1105454109375 0.9141647578125 0.0943413671875 0.8906428125 0 0.8292422875 0
0 0.3761915609375 1 0.3748169953125 0.9018209593750001 0.2989800671875 0.9232618484374999 0.3030585640625 1 0.3761915609375 1
1 0.39717090625 1 0.44830931874999996 0.9852241703125 0.44829468281249996 0.8813903953125 0.37504047812499997 0.9017652390625001 0.377479109375 1 0.39717090625 1
1 0.52391814375 0.8629574546875001 0.4486041390625 0.88173534375 0.448750940625 0.985551115625 0.52478045625 0.960670428125 0.52391814375 0.8629574546875001
1 0.6488603421875 0 0.6454859671875 0.1504157484375 0.730067465625 0.1287991625 0.7372115078125 0 0.6488603421875 0
1 0.5566048296874999 0 0.5535001328125 0.167826275 0.64229485625 0.1506833328125 0.646780384375 0 0.5566048296874999 0
1 0.7407151921875 0 0.7359572265625001 0.1297001015625 0.8219513078125 0.11202994687500001 0.82782689375 0 0.7407151921875 0
1 0.486766846875 0 0.4598340328125 0.0073710015625 0.4641446078125 0.19440164531249998 0.549170584375 0.1700643234375 0.5538692843749999 0 0.486766846875 0
1 0.16676720312499999 0.07199827343750001 0.070507178125 0.0944635921875 0.08899928593749999 0.2891634609375 0.1756836 0.2670225859375 0.16676720312499999 0.07199827343750001
1 0.26528519375 0.048202478124999996 0.1700180390625 0.0711877484375 0.178461996875 0.2644027375 0.270816628125 0.2417682578125 0.26528519375 0.048202478124999996
1 0.2724016296875 0.2409809578125 0.365996359375 0.21573478750000002 0.363263371875 0.0230062765625 0.266144603125 0.0472207046875 0.2724016296875 0.2409809578125
1 0.43860771875 0 0.3629147484375 0.0188723765625 0.36879758749999997 0.2163329546875 0.46008683906250003 0.1953453921875 0.4580449125 0 0.43860771875 0
1 0 0.30850464375 0.0870982796875 0.2891093859375 0.06647344375 0.09278349531249999 0.041524121875 0.0990040609375 0 0.11128307343749999 0 0.30850464375
1 0.8090672 0.8978461578125 0.813959990625 0.784419134375 0.7430479109375 0.8008171359375 0.740990734375 0.9126609921875 0.8090672 0.8978461578125
1 0.5258436921875 0.960405334375 0.5919211015625 0.9426640765625001 0.5954656125 0.8466880375000001 0.5239630421875 0.8633683609375 0.5258436921875 0.960405334375
1 0.8700993328125 0.8794232203125001 0.886005871875 0.7638913453125 0.8142598421875 0.7831214078125 0.810953546875 0.8967346546874999 0.8700993328125 0.8794232203125001
1 0.7369125921874999 0.9107068515625001 0.741952565625 0.8036549687500001 0.6694166984375001 0.8236637437500001 0.6650203625 0.9249364968749999 0.7369125921874999 0.9107068515625001
1 0.6685338640625 0.8243680828125 0.596272678125 0.8449174421875 0.5930211640625 0.9435042921875001 0.6622193828125 0.9247146453124999 0.6685338640625 0.8243680828125
1 1 0.7341870515625 0.9590775203125 0.7443901703125 0.9408779921875 0.8609008250000001 1 0.8430379265625 1 0.7341870515625
0 0.8848049859374999 0.759702475 0.8747815937500001 0.8756910671875 0.9368672874999999 0.8614937328125001 0.9416717203125 0.8359308796875 0.95718701875 0.7448615265625 0.8848049859374999 0.759702475