1 0.1462709921875 0.24132558906249998 0.20641937968750002 0.142427878125 0.140374921875 0.127156178125 0.076831315625 0.2258227625 0.1462709921875 0.24132558906249998
1 0.2141884234375 0.262489159375 0.2790579 0.1632294359375 0.21380159375000002 0.1456198890625 0.1483680625 0.244720478125 0.2141884234375 0.262489159375
1 0.4605687453125 0.32856699843750004 0.5207174203125 0.2271819640625 0.51613648125 0.22603980781250002 0.44525914218749996 0.21035690312500002 0.38654259375 0.307582184375 0.4605687453125 0.32856699843750004
1 0.3827889 0.3046451625 0.440928696875 0.207694065625 0.3669887234375 0.189364203125 0.3043517078125 0.2905198671875 0.3827889 0.3046451625
1 0.29969066875 0.2922378484375 0.363439359375 0.1872692359375 0.286946746875 0.167761528125 0.22143646718749999 0.27227427656250003 0.29969066875 0.2922378484375
1 0.5360129015624999 0.3507460171875 0.5935360578125 0.24690313437500003 0.5199203406249999 0.22854867343750002 0.45997905 0.329260628125 0.5360129015624999 0.3507460171875
1 0.6173135671875001 0.3746644984375 0.6746138890625 0.269479659375 0.5954187921874999 0.24722846875 0.5381198078125 0.3530232609375 0.6173135671875001 0.3746644984375
0 0.991862528125 0.34560817187500004 0.9128179765625 0.32669663125000004 0.8550289281250001 0.454224809375 0.935673525 0.47489682968749997 0.991862528125 0.34560817187500004
1 0.8524611109375 0.45679394531249995 0.912209315625 0.327341353125 0.8270740249999999 0.3077077015625 0.7695057609375 0.4368347453125 0.8524611109375 0.45679394531249995
0 0.6866976203124999 0.418340296875 0.7526203812500001 0.2883478453125 0.677697265625 0.26727797343750004 0.609214853125 0.3983896671875 0.6866976203124999 0.418340296875
0 0.768306234375 0.4374235984375 0.8268392890625 0.306852696875 0.7543549484375001 0.2903732796875 0.6887778578125 0.41569893125 0.768306234375 0.4374235984375
1 0.2163102796875 0.27352504375 0.140666046875 0.253026659375 0.0534424203125 0.38805899843749997 0.13591586093750002 0.407974084375 0.2163102796875 0.27352504375
1 0.0181510421875 0.36580786249999997 0.012567746874999999 0.38820124218749996 0.0491903578125 0.393477334375 0.1373491515625 0.25124730781250004 0.0529470234375 0.2337472484375 0.0181510421875 0.36580786249999997
1 0.5316342296875 0.35887947656249997 0.4574402328125 0.3392687234375 0.3799306203125 0.4689488421875 0.4614916171875 0.492523528125 0.5316342296875 0.35887947656249997
1 0.2983236421875 0.3022629234375 0.2179622640625 0.28201651562499996 0.1396112046875 0.4063040390625 0.2145807390625 0.431474540625 0.2983236421875 0.3022629234375
1 0.45358965781249994 0.339938884375 0.3787134359375 0.322231328125 0.29682246874999996 0.453410446875 0.38066456875 0.467836134375 0.45358965781249994 0.339938884375
0 0.2946123609375 0.45350725625 0.374662621875 0.323368784375 0.301042078125 0.30351353125 0.21587312656250002 0.433227509375 0.2946123609375 0.45350725625
1 0.6111844984375 0.3801928734375 0.5351504499999999 0.35929190625 0.4620644140625 0.49460989218750007 0.5402342140624999 0.5186347609374999 0.6024381437499999 0.3998475203125 0.6111844984375 0.3801928734375
1 1 0.4857591015625 0.936353890625 0.47181855937500006 0.8836932546874999 0.604570140625 0.968568884375 0.62681111875 1 0.5386559546874999 1 0.4857591015625
0 0.931957734375 0.4772860234375 0.849334765625 0.4600363234375 0.7967855875 0.5807434140625001 0.88026524375 0.603715440625 0.931957734375 0.4772860234375
0 0.766605828125 0.4392248125 0.6858663968750001 0.4201922015625 0.62553584375 0.5379592984375 0.709268090625 0.5601317906250001 0.766605828125 0.4392248125
0 0.8483746625 0.458172403125 0.7678871453125 0.43865004531249996 0.7095007640625 0.5632972859375001 0.7934223031250001 0.5820630640625 0.8483746625 0.458172403125
0 0.6839591375 0.4212091953125 0.6070139484375 0.4018277765625 0.5437484171875 0.5182152515625 0.6253449125 0.5372638421875 0.6839591375 0.4212091953125
1 0 0.681359725 0.02885969375 0.6891102 0.1192529859375 0.5230557734375 0.0482268203125 0.5087688859374999 0 0.585242246875 0 0.681359725
1 0.8390551500000001 0.7016953171875 0.7509123734375 0.683037190625 0.6748607062499999 0.8539005749999999 0.7676652796875 0.8760048828125001 0.8390551500000001 0.7016953171875
1 0.10686927187499999 0.712180815625 0.1953634671875 0.541618603125 0.122916475 0.52532216875 0.030645532812499997 0.6900726921875 0.10686927187499999 0.712180815625
1 0.5770347390625 0.830544290625 0.6552672203125 0.6595946625 0.5710497390625 0.634054521875 0.4862685390625 0.80843096875 0.5770347390625 0.830544290625
0 0.8615319640625 0.9022611421875 0.9294344406249999 0.7279371218749999 0.8411797765625 0.7035982203125 0.7691782453125 0.8741625859375001 0.8615319640625 0.9022611421875
1 0.20935317812499998 0.7383537453125 0.2993938625 0.5704518203125 0.21812780781250002 0.5491646078125 0.12476414375 0.7182978 0.20935317812499998 0.7383537453125
1 0.4864803421875 0.8064148375 0.566701828125 0.638660046875 0.48068417343750003 0.6208340812500001 0.3985120203125 0.78241293125 0.4864803421875 0.8064148375
0 0.6715869890625 0.8551532843749999 0.7473441265625 0.6813110703125 0.6564178265625 0.6651666374999999 0.5777774 0.831246690625 0.6715869890625 0.8551532843749999
1 0.3000355765625 0.7635495828125001 0.39327531875 0.5979955671875 0.30165905 0.5715429921874999 0.2105455609375 0.7386510390625001 0.3000355765625 0.7635495828125001
0 0.3958355640625 0.5986444765625001 0.30362298593750003 0.7628923171875 0.39697257812500003 0.780477403125 0.4063631765625 0.7626465812500001 0.478294975 0.6200206406250001 0.3958355640625 0.5986444765625001
1 1 0.14918412187500002 0.9948229734374999 0.1478721859375 0.954055084375 0.23840859062500003 1 0.250352678125 1 0.14918412187500002
1 0.9944534921875 0.14775581875 0.9198802531249999 0.1291868671875 0.877090334375 0.21962354374999998 0.9531279218750001 0.23939068749999998 0.9944534921875 0.14775581875
0 0.9191552875 0.128358184375 0.846665809375 0.111564640625 0.799173546875 0.2039830125 0.8761994671875 0.22065511249999997 0.9191552875 0.128358184375
1 0.845443615625 0.110992503125 0.7734391125 0.0958397921875 0.7247050296875 0.1875264453125 0.7989500640625 0.20392729062499998 0.845443615625 0.110992503125
1 0.7732026750000001 0.0953437875 0.694391821875 0.081618434375 0.6492797359375 0.16829870156249999 0.724593740625 0.1870765921875 0.7732026750000001 0.0953437875
1 0.20742365000000001 0.7403630484375 0.1225942484375 0.719740753125 0.024950443750000002 0.8811303421875 0.1161540515625 0.9031024578125001 0.20742365000000001 0.7403630484375
1 0.29681606875 0.7681752000000001 0.21036685781250003 0.741624921875 0.117599309375 0.9042302984375 0.2078560828125 0.9282688406249999 0.29681606875 0.7681752000000001
1 0 0.883662978125 0.018266959375 0.887906459375 0.11781686250000001 0.7161801953125 0.0335929609375 0.691410240625 0 0.74731341875 0 0.883662978125
1 0.3881886953125 0.7866604171875 0.3016895328125 0.7682317203125 0.208561665625 0.9322822593750001 0.3041891375 0.95382236875 0.3881886953125 0.7866604171875
1 0.7136521984375 1 0.76391033125 0.8791107609375001 0.6769781140625 0.857964175 0.609588328125 1 0.7136521984375 1
1 0.6060357171875 1 0.673294990625 0.858972984375 0.5811244484375 0.8356001703124999 0.499647475 1 0.6060357171875 1
1 0.49861323124999996 1 0.5793553593749999 0.8355512015625 0.48486375937500004 0.813902184375 0.3967962875 0.9853544187500001 0.455536503125 1 0.49861323124999996 1
1 0.3922145546875 0.787732146875 0.30008371562499997 0.9654620875000001 0.3951633546875 0.989168103125 0.4826712421875 0.8120589359375 0.3922145546875 0.787732146875
1 0.8244704421875 1 0.8597299749999999 0.9060702375 0.765563434375 0.880050975 0.7170939609375 1 0.8244704421875 1
1 0.426626521875 0.1202901515625 0.48095041250000004 0.0225036734375 0.41388731874999996 0.00362443125 0.356316478125 0.101477521875 0.426626521875 0.1202901515625
1 0.5784690421875001 0.14907424062500002 0.6494330015625 0.1679148125 0.6933285859375 0.081353340625 0.62665668125 0.06599647656249999 0.5784690421875001 0.14907424062500002
1 0.3450216640625 0 0.2830665265625 0.0857789921875 0.35544247812499996 0.1024825765625 0.41169995156250005 0.00372024375 0.393713009375 0 0.3450216640625 0
1 0.5023648578125 0.13468555468750001 0.5537912703125001 0.047330975 0.483633784375 0.0261436484375 0.4289259375 0.1182987265625 0.5023648578125 0.13468555468750001
1 0.626079840625 0.0647381625 0.556160234375 0.048841840625 0.5034750203125 0.134478125 0.5769252015624999 0.150258690625 0.626079840625 0.0647381625
1 0.1800267734375 0 0.14081864375 0.051594978125 0.20939284531250002 0.06869244687500001 0.26092760937500004 0 0.1800267734375 0
0 0.2646785578125 0 0.21128334531249998 0.0691638015625 0.282160290625 0.0900413265625 0.3404977546875 0 0.2646785578125 0
1 0.1093974609375 0 0.0991015234375 0.0424760984375 0.1407801828125 0.050303021875 0.177337784375 0 0.1093974609375 0