1 0.858189625 0.7524615906250001 0.7997764 0.8523939734375 0.866077328125 0.8665107125 0.9278892859375001 0.7667501671875 0.858189625 0.7524615906250001
1 0.78991318125 0.7324865671875 0.7267859062500001 0.8328633015625 0.7923396015625 0.8493312875000001 0.8560336234375001 0.7491038171875 0.78991318125 0.7324865671875
1 0.5424171671875 0.6707187218749999 0.484047065625 0.7731380531250001 0.4886472421875 0.7742000874999999 0.559787490625 0.7886436234375 0.6167982796875 0.6904084046875 0.5424171671875 0.6707187218749999
1 0.6206026609374999 0.69327946875 0.5641637484375 0.7912304796875 0.638412359375 0.8082671187500001 0.6992744265625 0.70603369375 0.6206026609374999 0.69327946875
1 0.7039047734375 0.704234628125 0.641997746875 0.8102998203125 0.718819165625 0.8284695781250001 0.7824954671875 0.7228294359375 0.7039047734375 0.704234628125
1 0.46659742499999995 0.6498597625 0.41089533749999996 0.7546907468749999 0.48482017187500004 0.771757640625 0.54299466875 0.67001490625 0.46659742499999995 0.6498597625
1 0.3848917078125 0.627363815625 0.32943584062500003 0.7335326640625001 0.4090072125 0.7543983203125 0.46445109531249995 0.6476196359374999 0.3848917078125 0.627363815625
0 0.01090689375 0.6629524984375 0.0902694578125 0.6804816406249999 0.14582403125 0.551964328125 0.064830940625 0.5327028984375 0.01090689375 0.6629524984375
1 0.1483466203125 0.54935076875 0.090866775 0.6798263953125 0.176331753125 0.697971240625 0.231637671875 0.567859159375 0.1483466203125 0.54935076875
0 0.3147559734375 0.5849055890625 0.2511119328125 0.716028753125 0.3263913578125 0.7357878265625 0.39257512656250004 0.60350091875 0.3147559734375 0.5849055890625
0 0.2328267390625 0.5672494593749999 0.1765813765625 0.6988220171874999 0.24934228125 0.7140338984375 0.31272215000000003 0.5875828578125 0.2328267390625 0.5672494593749999
1 0.7875990453124999 0.7214893953125 0.8635895046875 0.7406644828125 0.94844320625 0.604130446875 0.8656347609375 0.58565775625 0.7875990453124999 0.7214893953125
0 0.9841175453125001 0.625762275 0.9893091734375 0.6032748640625 0.9526000578125 0.598638728125 0.866936946875 0.7423856765625 0.9516316390625 0.75841005 0.9841175453125001 0.625762275
1 0.47083348125 0.6416511234375 0.5453584328125001 0.6599640265625 0.6205930093750001 0.5289509296875 0.538633 0.5068032687499999 0.47083348125 0.6416511234375
1 0.705096628125 0.6941872234375001 0.7857991171875 0.713028046875 0.8619691265625 0.5873920390625 0.786571725 0.5635337703125 0.705096628125 0.6941872234375001
1 0.549196725 0.6592267656249999 0.6243705828125 0.6756248546875 0.7039596859375 0.5430365203124999 0.61987859375 0.5300762765625 0.549196725 0.6592267656249999
0 0.7061677671875 0.5429011546875 0.628400928125 0.674416875 0.70235678125 0.6929842484375001 0.7852489406250001 0.5618036234375 0.7061677671875 0.5429011546875
1 0.3909233578125 0.6217293171875 0.4673105984375 0.6413001234375 0.538023878125 0.5047272203125 0.4594466921875 0.4820702609375 0.399325359375 0.60192501875 0.3909233578125 0.6217293171875
1 0 0.52289973125 0.0642044015625 0.535792575 0.11454018437499999 0.40214215624999994 0.029289321875000003 0.38138584999999997 0 0.4683001625 0 0.52289973125
0 0.0685044671875 0.5302492187500001 0.1514159015625 0.5460543234374999 0.20185044687499998 0.42444850624999997 0.1179825890625 0.4029368984375 0.0685044671875 0.5302492187500001
0 0.23449545 0.5654188453125 0.3155547484375 0.583039459375 0.3738207953125 0.46423738593749997 0.28971433750000003 0.4435296 0.23449545 0.5654188453125
0 0.1524083890625 0.5479012015625 0.233224359375 0.5660158859375 0.2894264546875 0.440368646875 0.2051901875 0.42307035937500004 0.1524083890625 0.5479012015625
0 0.3174439703125 0.581989334375 0.3947156921875 0.600024921875 0.455940346875 0.48255103750000006 0.37402383437500003 0.46492940312500003 0.3174439703125 0.581989334375
1 1 0.3107517984375 0.9677681218749999 0.3026960703125 0.880286646875 0.4703027859375 0.951551334375 0.4833479203125 1 0.40346609375 1 0.3107517984375
1 0.1574764203125 0.30425273124999996 0.24593140156249998 0.3213697125 0.31898950937500004 0.14920506718749998 0.225813296875 0.1287237875 0.1574764203125 0.30425273124999996
1 0.8893677859375 0.28099042343749997 0.8038637906250001 0.4530710953125 0.8765841609375 0.4681006734375 0.9659657562499999 0.30176489218749997 0.8893677859375 0.28099042343749997
1 0.4172082 0.17085049531250002 0.341971115625 0.34313943125 0.42662150781249997 0.367205884375 0.5083465078125 0.191376359375 0.4172082 0.17085049531250002
0 0.13150267499999999 0.104109728125 0.0666529140625 0.27959225781249997 0.1553189078125 0.302387196875 0.2243327140625 0.130592209375 0.13150267499999999 0.104109728125
0 0.7864427093749999 0.256610071875 0.6993460312499999 0.42605785 0.7809712203125 0.44592353124999995 0.871368884375 0.275186678125 0.7864427093749999 0.256610071875
1 0.508169921875 0.19339588125 0.43088837968749993 0.36252517812499996 0.517204040625 0.3788472140625 0.5965437375 0.215858871875 0.508169921875 0.19339588125
0 0.32224086406249997 0.1478954140625 0.24952922968750002 0.32303329375 0.34072344062500004 0.337588384375 0.41645339375 0.1701611625 0.32224086406249997 0.1478954140625
1 0.69533439375 0.23300069687499997 0.6049981671875 0.4001567546875 0.69706214375 0.42500637656249995 0.78524531875 0.2563336328125 0.69533439375 0.23300069687499997
0 0.6024269875 0.39955262812500003 0.6917590015624999 0.23372047031249998 0.598116725 0.2177672390625 0.589038746875 0.2357592328125 0.5196070703125 0.379618834375 0.6024269875 0.39955262812500003
1 0 0.858032440625 0.01139786875 0.8607100359375 0.05057946875 0.769475921875 0 0.7572652859375 0 0.858032440625
1 0.011769325 0.8608199359375 0.086655278125 0.878084578125 0.1278603421875 0.7869148874999999 0.051489351562499994 0.76847779375 0.011769325 0.8608199359375
0 0.0873945953125 0.87890048125 0.16016612187499998 0.8944263515624999 0.20603822656249998 0.8011932015625 0.1287330703125 0.785867928125 0.0873945953125 0.87890048125
1 0.1613981140625 0.8949770718750001 0.2336561015625 0.9088708234375 0.280782609375 0.8163476078125 0.2062626484375 0.8012450140625 0.1613981140625 0.8949770718750001
1 0.2339011609375 0.9093626265625 0.31293955 0.9217104484374999 0.3565319859375 0.83425606875 0.28090173281249997 0.8167954500000001 0.2339011609375 0.9093626265625
1 0.7883368749999999 0.2545673984375 0.8735132671875 0.2737060765625 0.9683255624999999 0.11063694843750001 0.8767523796875001 0.0902599015625 0.7883368749999999 0.2545673984375
1 0.6984726828125 0.22831959531249998 0.78537209375 0.25335708281249997 0.8752876578125001 0.0891574546875 0.7846251 0.066697771875 0.6984726828125 0.22831959531249998
1 1 0.10911832968749999 0.9748897703124999 0.1037452203125 0.8783520640625 0.2771827140625 0.9629954328125001 0.3004789859375 1 0.2363909203125 1 0.10911832968749999
1 0.6067913625 0.211431865625 0.6935989734375 0.2283481375 0.7838495812499999 0.062697278125 0.687860746875 0.04282938125 0.6067913625 0.211431865625
1 0.2791586421875 0 0.22951346875 0.1255528484375 0.3168015046875 0.14517903906250001 0.382603546875 0 0.2791586421875 0
1 0.3861321953125 0 0.3204664609375 0.144106103125 0.413030878125 0.165866759375 0.4916594515625 0 0.3861321953125 0
1 0.4926847453125 0 0.4148005515625 0.1658848453125 0.5096555875 0.1858814609375 0.594717390625 0.01291835 0.53876186875 0 0.4926847453125 0
1 0.602747409375 0.21043056093749998 0.6917624015625 0.031119784374999997 0.5962835171875 0.009076746875 0.5118799390625 0.1876861640625 0.602747409375 0.21043056093749998
1 0.168893521875 0 0.13323791093749998 0.10026976406250002 0.227844209375 0.1246416296875 0.2756967421875 0 0.168893521875 0
1 0.579989153125 0.8783714734375 0.527380146875 0.977091140625 0.5947625140625 0.9947970953124999 0.6506168140625 0.8959541578125 0.579989153125 0.8783714734375
1 0.42766740781249996 0.8522417843750001 0.35638544375 0.8346425749999999 0.31400725 0.9219569468750001 0.380937015625 0.9361478875 0.42766740781249996 0.8522417843750001
1 0.661745334375 1 0.7241295859375 0.910371909375 0.6514731406250001 0.8949340031249999 0.596947875 0.994663121875 0.6252311265625 1 0.661745334375 1
1 0.50401111875 0.8653000796875 0.4541170859375 0.9535388687499999 0.52463365625 0.9734985515625001 0.57772484375 0.880402725 0.50401111875 0.8653000796875
1 0.3815357296875 0.9373959421875 0.45172211406249996 0.9520695781249999 0.5029047453125 0.8655268515625 0.4291903421875 0.8510305718750001 0.3815357296875 0.9373959421875
1 0.8245030171875 1 0.8669523984374999 0.9420681484375001 0.79809025 0.92617006875 0.7446892234375 1 0.8245030171875 1
0 0.7408928859375 1 0.7410229562499999 0.9998313703124999 0.796191809375 0.9257317796875 0.724961296875 0.9060944078125001 0.66642135 1 0.7408928859375 1
1 0.897717959375 1 0.8979630234375 0.9989385078125 0.9088223109375001 0.950457575 0.8670133999999999 0.9433592375 0.82734178125 1 0.897717959375 1