1 0.10337219375 0.16678971250000002 0.050490153125000006 0.27155790625 0.1211699171875 0.279717384375 0.17065118125 0.1750742265625 0.10337219375 0.16678971250000002
1 0.1783266109375 0.1774771 0.12361036249999999 0.282874471875 0.1909274859375 0.29366571406249997 0.24506613437500002 0.1881690375 0.1783266109375 0.1774771
1 0.4152830703125 0.21766557656250002 0.3670509875 0.3204957984375 0.44286512499999997 0.3336278140625 0.492086678125 0.2265109296875 0.4874114453125 0.22585386875000002 0.4152830703125 0.21766557656250002
1 0.335247090625 0.20496936250000003 0.28352685312500003 0.3121182359375 0.363010853125 0.3179672328125 0.4106980046875 0.2154699796875 0.335247090625 0.20496936250000003
1 0.2533854984375 0.1918516953125 0.1991586484375 0.3026396 0.27907092499999997 0.31431401875 0.3314981875 0.2032568828125 0.2533854984375 0.1918516953125
1 0.49143682499999997 0.2279534703125 0.44235116406249997 0.33437928437500003 0.5202143296874999 0.3477992734375 0.56656783125 0.23851244375 0.49143682499999997 0.2279534703125
1 0.5684742578125 0.23863919843749998 0.52254773125 0.3498438109375 0.6035697828125001 0.3630884921875 0.6495613984374999 0.2524903515625 0.5684742578125 0.23863919843749998
0 0.8482992328125001 0.4173649421875 0.9306628640625 0.42949406406249996 0.9730297140624999 0.2950403109375 0.8924413812499999 0.2844947765625 0.8482992328125001 0.4173649421875
1 0.8051822609375 0.274572553125 0.7614268125 0.40900974687499997 0.8460140296875001 0.4201884140625 0.891903446875 0.2851995890625 0.8051822609375 0.274572553125
0 0.6523977453125 0.24997842656249997 0.597995390625 0.3875302390625 0.6771391078125 0.399272421875 0.7291128265625 0.263101278125 0.6523977453125 0.24997842656249997
0 0.7310496078125001 0.2649343046875 0.678931853125 0.39642808125 0.7602954093750001 0.40972076093750004 0.8048594375 0.2737467703125 0.7310496078125001 0.2649343046875
1 0.0441876890625 0.4353502015625 0.1282910234375 0.44653536718750003 0.1941912828125 0.304419346875 0.116818771875 0.29194023125 0.0441876890625 0.4353502015625
0 0.11333405468749999 0.2905173375 0.0275650359375 0.2819355703125 0.006763764062499999 0.4169099125 0.0035517984375 0.43976423281250004 0.0405252890625 0.441183315625 0.11333405468749999 0.2905173375
1 0.37734264375 0.4816696109375 0.46092106718750003 0.4965897078125 0.5167098234374999 0.3563458734375 0.4408723859375 0.3445979328125 0.37734264375 0.4816696109375
1 0.13179155781250002 0.44448820156249996 0.208981434375 0.46168436718750006 0.27875929374999997 0.3244270671875 0.19672181718749998 0.3126916234375 0.13179155781250002 0.44448820156249996
1 0.2930655625 0.4749035046875 0.3779562609375 0.48048627968749996 0.43711295625 0.3456669171875 0.3607959703125 0.3358830609375 0.2930655625 0.4749035046875
0 0.2815935625 0.3253866703125 0.2104499765625 0.4632926421875 0.29087768125 0.475230803125 0.35688624375 0.3374377125 0.2815935625 0.3253866703125
1 0.54196166875 0.5143270578125 0.5914081921875 0.3896884640625 0.5980521640625 0.36922724375 0.5202498906249999 0.3563884984375 0.461708809375 0.49860476875000004 0.54196166875 0.5143270578125
1 1 0.434043690625 0.9310177359375 0.42636153749999994 0.8925218984375001 0.563890428125 0.9792573859375 0.5771376484374999 1 0.49155053593750003 1 0.434043690625
0 0.8035997500000001 0.5492785515625 0.8890233265624999 0.5633987359375 0.92721716875 0.432258575 0.8432437328125 0.42373982187500003 0.8035997500000001 0.5492785515625
0 0.628815971875 0.524629284375 0.7144071828125 0.5379279109375 0.758792596875 0.411689846875 0.676506015625 0.40120106718750004 0.628815971875 0.524629284375
0 0.7149694656250001 0.54105174375 0.8003928312499999 0.5509425328125 0.8420940546875 0.42198647187500005 0.7600068140625 0.41098429531249997 0.7149694656250001 0.54105174375
0 0.5454127703125 0.5135425125 0.6285533921875001 0.523957596875 0.6747155078125 0.402411853125 0.5961659218750001 0.3911795703125 0.5454127703125 0.5135425125
1 0 0.7291814765625 0.0512080484375 0.73732180625 0.12374874218750001 0.562728371875 0.051618279687500004 0.5559440046875 0 0.6606754734375 0 0.7291814765625
1 0.710895484375 0.8336839484375 0.80550219375 0.8459664484375 0.858280671875 0.6651494953125 0.7686704453125001 0.6558070078125 0.710895484375 0.8336839484375
1 0.127629065625 0.5645994125 0.0530847125 0.7380923562499999 0.13120181875 0.7521118171875 0.2013826265625 0.5732338 0.127629065625 0.5645994125
1 0.584673034375 0.6258934375 0.5185835765625 0.8081766796875 0.611164021875 0.8206812109375001 0.6710988359375001 0.6424905421875 0.584673034375 0.6258934375
0 0.8605925671874999 0.666819890625 0.8068142984375 0.8439760953125001 0.9015991921875001 0.8622671328125 0.9509078703125 0.6818003375 0.8605925671874999 0.666819890625
0 0.224811034375 0.578358946875 0.14963805937500002 0.75632476875 0.235860121875 0.767428884375 0.3078570234375 0.5910349296875 0.224811034375 0.578358946875
1 0.4934205875 0.62219119375 0.428588171875 0.7914742265625 0.5185834765624999 0.806149453125 0.58083035 0.6309282140625 0.4934205875 0.62219119375
0 0.67282556875 0.6479117234375 0.611976034375 0.821302134375 0.7077706453125 0.8352719937499999 0.7649413171874999 0.6544633281250001 0.67282556875 0.6479117234375
1 0.3102238625 0.591883346875 0.2370770484375 0.7675999109375 0.3286794359375 0.7830078046875 0.40410329375 0.6086145046875 0.3102238625 0.591883346875
0 0.4343301734375 0.7709954890625 0.49095944999999996 0.6216319484375 0.40671734375 0.608992240625 0.3321784890625 0.781979153125 0.42685484531249995 0.789710215625 0.4343301734375 0.7709954890625
1 1 0.1045348765625 0.9553049015624999 0.09807809375 0.924223975 0.192379934375 1 0.20380259218750002 1 0.1045348765625
1 0.8457172734375 0.1817428015625 0.9234045484375001 0.1934535671875 0.9549252812500001 0.0980009859375 0.878819578125 0.0873287828125 0.8457172734375 0.1817428015625
1 0 0.8568232578125 0.052688253124999994 0.739314628125 0 0.72841336875 0 0.8568232578125
0 0.7665924421875 0.1743324734375 0.844939115625 0.182861840625 0.8780119640624999 0.08658041875 0.8041641859374999 0.0774560859375 0.7665924421875 0.1743324734375
1 0.6908116921875 0.16575013593750001 0.766364359375 0.1743004171875 0.8028888828125 0.0770148359375 0.7296949390624999 0.069471653125 0.6908116921875 0.16575013593750001
1 0.6137897390625 0.1545118140625 0.6906539890625 0.1653143796875 0.7294079499999999 0.0690030796875 0.649594140625 0.06359089375 0.6137897390625 0.1545118140625
1 0.0673917828125 0.9286986703125001 0.16039247968749998 0.941017046875 0.2341511953125 0.7696288703125 0.1476308796875 0.7579866328125 0.0673917828125 0.9286986703125001
1 0.1619477125 0.9419876390624999 0.25422276250000003 0.95646009375 0.32596107343749997 0.7879446125 0.23721018124999999 0.7705761828125001 0.1619477125 0.9419876390624999
1 0 0.928505778125 0.061453209375 0.9361362812499999 0.1425074859375 0.7549449546875 0.056155806249999995 0.7391144875 0 0.8595288421875 0 0.928505778125
1 0.25534399531249996 0.9603777734375001 0.352699165625 0.971804090625 0.41876538124999996 0.7967775265625 0.3308137484375 0.7874914078125 0.25534399531249996 0.9603777734375001
1 0.7572839625000001 1 0.8020924687500001 0.8494478125 0.7134260546875 0.837503959375 0.6562586046875001 1 0.7572839625000001 1
1 0.6528248062500001 1 0.7098685578125 0.838892234375 0.615759809375 0.8252819046875001 0.5509106765625 1 0.6528248062500001 1
1 0.5499331671875 1 0.6139952937500001 0.8254181234375 0.5177583890624999 0.8137647625 0.448095 0.9934833218750001 0.494463571875 1 0.5499331671875 1
1 0.4468696515625 0.997446803125 0.5153852125 0.8121607921875 0.4228812140625 0.7974225671874999 0.349832915625 0.983809178125 0.4468696515625 0.997446803125
1 0.865426084375 1 0.900205234375 0.8662437203125 0.8038347937499999 0.8502100796875001 0.760875184375 1 0.865426084375 1
1 0.36247367656249996 0.015344854687500001 0.31544665 0.11867968749999999 0.3873379828125 0.130039859375 0.4311428109375 0.027110671875 0.36247367656249996 0.015344854687500001
1 0.6485090203125 0.063438390625 0.580597121875 0.055134764062499994 0.54135745 0.14279440000000002 0.6139020375 0.1541140078125 0.6485090203125 0.063438390625
1 0.29898431406250003 0.009563265625000001 0.2409570265625 0.1107238609375 0.31468249375 0.11977059375000002 0.360308309375 0.015668784375 0.29898431406250003 0.009563265625000001
1 0.4341919640625 0.03045021875 0.38941664062500003 0.1278189890625 0.4641661453125 0.136439590625 0.5061797984374999 0.044188025 0.4341919640625 0.03045021875
1 0.46524854531250004 0.136117253125 0.5399458765625 0.1441337359375 0.5798919109375 0.053943640625 0.5086937140625001 0.0454429890625 0.46524854531250004 0.136117253125
1 0.1514576359375 0 0.09591518906249999 0.09159606249999999 0.16590090468750002 0.1014319140625 0.22642087187499998 0.0002227796875 0.22396749531250001 0 0.1514576359375 0
0 0.2405012890625 0.1150575734375 0.293244909375 0.0112696515625 0.23036164062500003 0.00117548125 0.216331034375 0.0230771734375 0.1678303203125 0.101703075 0.2405012890625 0.1150575734375
1 0.06535663124999999 0 0.060065990624999996 0.0376448671875 0.053473417187500004 0.0868877640625 0.0957418921875 0.0903152046875 0.1479015625 0 0.06535663124999999 0