1 0.18539281093749999 0.59429539375 0.2467717890625 0.6018693390625 0.2825761890625 0.47917170625 0.22716458906249998 0.460994246875 0.18539281093749999 0.59429539375
1 0.22545964999999998 0.6306501546875001 0.155555790625 0.62459101875 0.110374071875 0.8290868765624999 0.1879502515625 0.8457496859375 0.22545964999999998 0.6306501546875001
1 0.31070820781249997 0.6457981 0.22545964999999998 0.6276205859374999 0.192212690625 0.8306018984374999 0.2808710703125 0.8502941171874999 0.31070820781249997 0.6457981
1 0.28342862812499997 0.84423498125 0.3751509484375 0.8579229843749999 0.38572694687500003 0.6397389640625 0.30474076875 0.633679828125 0.28342862812499997 0.84423498125
1 0.38316950781250003 0.8578680625 0.483762825 0.85938276875 0.47438544531250004 0.647312909375 0.3993667078125 0.6351944796875 0.38316950781250003 0.8578680625
1 0.486320265625 0.8381758453125 0.5800936437499999 0.8472643906249999 0.566453765625 0.6382241546875 0.483762825 0.6276205859374999 0.486320265625 0.8381758453125
1 0.5869135234375 0.8366610343750001 0.6849492828125 0.8154539015625 0.647440121875 0.6200467453125 0.5741263234375 0.6215615046875 0.5869135234375 0.8366610343750001
1 0.7804278390625 0.789702546875 0.7369511203125 0.6064136640625 0.6585223234375001 0.607928475 0.6858019609375 0.801820925 0.7804278390625 0.7903327921875001 0.7804278390625 0.789702546875
1 0.8690863984374999 0.7987914093749999 0.9356978234375 0.78500631875 0.8690863984374999 0.59126571875 0.806002359375 0.6064136640625 0.8690863984374999 0.7987914093749999
1 0.933875315625 0.7669809203125 0.9918443546875 0.7578920578125 0.9441048390625 0.579147446875 0.87846371875 0.5836918796874999 0.933875315625 0.7669809203125
1 0.2530806359375 0.6027146515624999 0.32179052812500003 0.6064136640625 0.3516274890625 0.46402386875 0.292806009375 0.46856814062499996 0.2530806359375 0.6027146515624999
1 0.3592998078125 0.4413020828125 0.33628278749999996 0.5897510140625 0.40277664687500003 0.5836918796874999 0.41897390625 0.45190554374999997 0.3592998078125 0.4413020828125
1 0.415563965625 0.59278058125 0.48461520625 0.5821771203125 0.481205325 0.4306984625 0.43090866562499996 0.438272515625 0.415563965625 0.59278058125
1 0.4913618859375 0.585353540625 0.5630440046875 0.586721446875 0.5562241234374999 0.45039078593750004 0.4956975859375 0.44433164999999997 0.4913618859375 0.585353540625
1 0.570716084375 0.58823625625 0.580946203125 0.5821771203125 0.5812056359375 0.58188131875 0.6542600015625 0.5761179859375 0.6210130421875 0.4458464078125 0.5587815640625 0.4488759765625 0.570716084375 0.58823625625
1 0.6517024421875 0.579147446875 0.7173439203124999 0.5730883109375 0.6866544015625 0.4306984625 0.6235704828124999 0.4367576515625 0.6517024421875 0.579147446875
1 0.7869656359375 0.569797021875 0.7872477203125 0.5685440390625 0.788100159375 0.557940525 0.74888588125 0.40797673124999995 0.69347428125 0.423124621875 0.7258688015625 0.5730883109375 0.7869656359375 0.569797021875
1 0.7923624796875 0.5715735015625001 0.8526900109375 0.5593118734375 0.81026468125 0.41403591874999995 0.75655808125 0.41706548593750004 0.7923624796875 0.5715735015625001
1 0.8648239578125001 0.5594552296875 0.9073775109375 0.554103540625 0.87846371875 0.4125211609375 0.8196422390625001 0.4200950546875 0.8648239578125001 0.5594552296875
1 0.9074482375 0.53673355 0.9637122765624999 0.541277821875 0.9262026390625 0.423124621875 0.88613591875 0.4322133265625 0.9074482375 0.53673355
1 0.7511275109375 0.6183396515624999 0.788100159375 0.8139391953124999 0.8639713984374999 0.7866731390624999 0.8145271203125001 0.607928475 0.7511275109375 0.6183396515624999