1 0.18862751093750002 0.58014520625 0.25955905 0.59126571875 0.2825761890625 0.48674565468750003 0.2211972109375 0.47311257187500005 0.18862751093750002 0.58014520625
1 0.2530806359375 0.6027146515624999 0.32179052812500003 0.6018693390625 0.3558898078125 0.46250895156249994 0.28683856875 0.46250895156249994 0.2530806359375 0.6027146515624999
1 0.41726890625 0.4579646796875 0.3533324875 0.4594793828125 0.3312934234375 0.5853551421875001 0.40618658593749996 0.586721446875 0.41726890625 0.4579646796875
1 0.4142134484375 0.585353540625 0.48205782499999994 0.5852065828125 0.485467765625 0.45190554374999997 0.422383846875 0.4579646796875 0.4142134484375 0.585353540625
1 0.4972212609375 0.59577020625 0.5724213234375 0.58823625625 0.5553714453125 0.43978721875 0.5084849046875 0.4458464078125 0.4972212609375 0.59577020625
1 0.5749787640624999 0.586721446875 0.6437056359375 0.585353540625 0.627832921875 0.4322133265625 0.5604865640625001 0.435242946875 0.5749787640624999 0.586721446875
1 0.647440121875 0.5776326375 0.7247603234375 0.569728540625 0.689211603125 0.4367576515625 0.627832921875 0.4428167875 0.647440121875 0.5776326375
1 0.69688428125 0.435242946875 0.7275735625 0.5821771203125 0.7911665734375 0.576672984375 0.793215159375 0.5715735015625001 0.7505908796874999 0.4322133265625 0.69688428125 0.435242946875
1 0.78895271875 0.5685440390625 0.8520366375 0.5670291765625 0.809412359375 0.42766889375000006 0.7591156406249999 0.435242946875 0.78895271875 0.5685440390625
1 0.8562990781250001 0.565514365625 0.9151204375 0.5624849046875 0.8562990781250001 0.4155507296875 0.8119695609375001 0.4200950546875 0.8562990781250001 0.565514365625
1 0.9168255562500001 0.5594552296875 0.9640181359375 0.5558396515624999 0.9074482375 0.4306984625 0.8716438390624999 0.42766889375000006 0.9168255562500001 0.5594552296875
1 0.9500725156250001 0.53673355 0.9991743859375 0.53500631875 0.9739421546875 0.438272515625 0.9100056765625 0.41403591874999995 0.9500725156250001 0.53673355
1 0.8829634484375 0.592297984375 0.9415473984375 0.7866731390624999 0.99781155625 0.7563773546875 0.9449576375 0.5897510140625 0.8829634484375 0.592297984375
1 0.8194868859375 0.6027146515624999 0.8656761609375 0.7957617890625001 0.9296128765624999 0.759406975 0.883578359375 0.6018693390625 0.8194868859375 0.6027146515624999
1 0.7413618859375 0.62702020625 0.7761654 0.801820925 0.8639713984374999 0.7760695703125 0.823904559375 0.6003545296875 0.7413618859375 0.62702020625
1 0.6603071984375 0.632228540625 0.6917691625 0.8215130359374999 0.7804278390625 0.785158328125 0.7386558812499999 0.6109579359375 0.6603071984375 0.632228540625
1 0.5783887640625001 0.64125366875 0.578481453125 0.64125366875 0.5852086421875 0.823027953125 0.6883594015625001 0.832116709375 0.6559647640625 0.62459101875 0.5775360843749999 0.6321650187500001 0.5783887640625001 0.64125366875
1 0.4864790734375 0.64438131875 0.48035288437499996 0.865441903125 0.5903235234374999 0.8608973671875001 0.57327364375 0.6351944796875 0.4864790734375 0.64438131875
1 0.3985142078125 0.64125366875 0.401924146875 0.6457981 0.4005415734375 0.64438131875 0.376349628125 0.8639271984375 0.48291032500000003 0.8639271984375 0.48291032500000003 0.647312909375 0.3985142078125 0.64125366875
1 0.2817236890625 0.84423498125 0.37293962812500003 0.8624123890625001 0.3985142078125 0.6457981 0.3141181484375 0.6351944796875 0.2817236890625 0.84423498125
1 0.1845403109375 0.8502941171874999 0.18569782343750002 0.850978540625 0.2766086890625 0.8502941171874999 0.3149706484375 0.633679828125 0.23313197031250002 0.6351944796875 0.1845403109375 0.8502941171874999
1 0.1105025109375 0.8232007625 0.18880275 0.8457496859375 0.23227952968749999 0.6382241546875 0.1674906109375 0.62913534375 0.1105025109375 0.8232007625