0 0.140937471875 0.052051584375 0.12209377968749999 0.22150850625000001 0.205829934375 0.21963396406250002 0.21582821718749998 0.064044509375 0.140937471875 0.052051584375
0 0.2908157671875 0.0621699296875 0.28206725625 0.21963396406250002 0.365803315625 0.2252576640625 0.3670530890625 0.0677937015625 0.2908157671875 0.0621699296875
1 0.19958097187499999 0.2683728046875 0.18937497187500002 0.42250879531249996 0.27581829375 0.4258368734375 0.2845668046875 0.2739965765625 0.19958097187499999 0.2683728046875
1 0.809687471875 0.6686987125 0.824477121875 0.7932529390624999 0.9219609734375 0.7951275546875001 0.9007145390625 0.6545346609375 0.809687471875 0.6686987125
1 0.05960415625 0.7838800796875 0.0424999703125 0.921922628125 0.14583985625 0.9244730453125 0.160837328125 0.789503853125 0.05960415625 0.7838800796875
1 0.0358580796875 0.2646237171875 0.014374970312499999 0.42250879531249996 0.1033468921875 0.42396233125 0.1208440078125 0.2646237171875 0.0358580796875 0.2646237171875
1 0.6220107765625 0.6076703640625001 0.6345087015625 0.7913785390625 0.7269934609375001 0.7857546953125001 0.7132456656249999 0.6057957484375 0.6220107765625 0.6076703640625001
0 0.36330376875 0.2758711203125 0.359554353125 0.42771141718749994 0.44329050781249996 0.42958603125000006 0.44329050781249996 0.2758711203125 0.36330376875 0.2758711203125
0 0.359554353125 0.4258368734375 0.35812497187500003 0.5397420890625 0.44329050781249996 0.5420603453124999 0.44329050781249996 0.4258368734375 0.359554353125 0.4258368734375
1 0.51952783125 0.140901928125 0.44329050781249996 0.1427765796875 0.44329050781249996 0.2383796828125 0.520777603125 0.24025422500000002 0.51952783125 0.140901928125
1 0.7268749703124999 0.7906213390625 0.743240609375 0.933845903125 0.8469734234375 0.9319713609375 0.824477121875 0.7857546953125001 0.7268749703124999 0.7906213390625
1 0.34955607187500004 0.7913785390625 0.347187471875 0.9195779625 0.44454028125 0.9169747296875 0.44329050781249996 0.789503853125 0.34955607187500004 0.7913785390625
1 0.254571765625 0.7913785390625 0.247187471875 0.9195779625 0.34580665625 0.9225985015625 0.35080584375 0.7951275546875001 0.254571765625 0.7913785390625
1 0.6095128515625 0.42396233125 0.6159374703125 0.5373974234375 0.7057468359375 0.5458095046875 0.6969983265625 0.42771141718749994 0.6095128515625 0.42396233125
1 0.27581829375 0.41833855625 0.269062471875 0.5373974234375 0.35705480624999997 0.547684190625 0.36205399531250004 0.42396233125 0.27581829375 0.41833855625
1 0.1045966671875 0.42021317187499996 0.0924999703125 0.5397420890625 0.1820838578125 0.53831133125 0.19083236718750002 0.42396233125 0.1045966671875 0.42021317187499996
1 0.2608207265625 0.6320399265625001 0.251874971875 0.7906213390625 0.3533053921875 0.7838800796875 0.3583045796875 0.635788940625 0.2608207265625 0.6320399265625001
0 0.053355193749999995 0.129654490625 0.0424999703125 0.216178196875 0.124593421875 0.21963396406250002 0.13209215937500002 0.1334037203125 0.053355193749999995 0.129654490625
0 0.6295095125 0.7951275546875001 0.6409374703124999 0.92426729375 0.7419909312499999 0.9225985015625 0.7244937218749999 0.789503853125 0.6295095125 0.7951275546875001
1 0.5920157374999999 0.13152906875 0.5982647 0.2383796828125 0.6770017609375001 0.2290068234375 0.6657535125 0.1240308609375 0.5920157374999999 0.13152906875
1 0.781984253125 0.42771141718749994 0.7956249703125 0.5397420890625 0.8844671999999999 0.547684190625 0.8644706328125 0.422087715625 0.781984253125 0.42771141718749994
1 0.9032140875 0.1446510875 0.821977575 0.1427765796875 0.837812471875 0.2302461921875 0.8382249156249999 0.2290068234375 0.9219609734375 0.230881365625 0.9032140875 0.1446510875