1 0.33619789375 0.9500000015625 0.4433686296875 0.9044594 0.35484166250000004 0.7099578296875 0.267356171875 0.73913304375 0.33619789375 0.9500000015625
1 0.4287877015625 0.693286203125 0.36223955937499996 0.7121527796875 0.43607812656249995 0.9044594 0.523563615625 0.8586125578124999 0.4287877015625 0.693286203125
1 0.5016922640625 0.6641109875 0.43776039375 0.698263890625 0.5287710859375 0.8586125578124999 0.5964681781250001 0.8183229265625 0.5016922640625 0.6641109875
1 0.5725138703125 0.648828690625 0.5184895593750001 0.67916666875 0.60375868125 0.8197122015625 0.670414296875 0.7933156453125 0.5725138703125 0.648828690625
0 0.6287545484375 0.657164503125 0.6005208093750001 0.6722222234374999 0.664165271875 0.7947049203125001 0.725613496875 0.7613617734375 0.6287545484375 0.657164503125
1 0.73072914375 0.760763890625 0.777688184375 0.7377437671875 0.6787462796875 0.6279892359375 0.6297959468750001 0.6613324890625 0.73072914375 0.760763890625
0 0.8244791421875 0.7069444453125 0.874546975 0.6946755312499999 0.7610242203124999 0.6196535812499999 0.7214474281250001 0.625210684375 0.8244791421875 0.7069444453125
1 0.2954764703125 0.6182642 0.3414062265625 0.7069444453125 0.4162898078125 0.6960649125 0.3725470234375 0.598814128125 0.2954764703125 0.6182642
1 0.420833309375 0.689583334375 0.4787794328125 0.6710574734375 0.4183727640625 0.5779746734375 0.3621320859375 0.5932568125000001 0.420833309375 0.689583334375
0 0.48593747656249997 0.6652777796875 0.5381445453125 0.6516072937499999 0.4704474515625 0.580753171875 0.4277462234375 0.5849211578125 0.48593747656249997 0.6652777796875
0 0.53932289375 0.64618055625 0.586053240625 0.6335465515625 0.5193976250000001 0.5696388078125 0.48294534375 0.5835317765625 0.53932289375 0.64618055625
0 0.58619789375 0.6288194453125 0.6350034140624999 0.6182642 0.5725138703125 0.5626923234375 0.5225221390625 0.5738066875000001 0.58619789375 0.6288194453125