1 0.7943519890624999 0.732186559375 0.7079079765625 0.66966814375 0.6278645593750001 0.80243055625 0.6297959468750001 0.80304068125 0.732903921875 0.8711162515625 0.7943519890624999 0.732186559375
1 0.6256300343750001 0.6154855953125 0.53932289375 0.7277777796875 0.622505521875 0.80304068125 0.701659109375 0.66966814375 0.6256300343750001 0.6154855953125
1 0.46249997656249997 0.6687500015625 0.5371030671875 0.7335758343750001 0.622505521875 0.6154855953125 0.5641818890625 0.5640817046875 0.46249997656249997 0.6687500015625
0 0.5048167765625 0.5349063843749999 0.3999999765625 0.61666666875 0.456908 0.6641109875 0.5433520140625 0.5640817046875 0.5048167765625 0.5349063843749999
0 0.3414062265625 0.5663194453125 0.4017088796875 0.6085391109375 0.5016922640625 0.5390742640624999 0.4496175765625 0.49600602812499994 0.3414062265625 0.5663194453125
0 0.28411455937499996 0.526388890625 0.3423436890625 0.566860203125 0.4475346203125 0.49322747656250004 0.3996258453125 0.4654415375 0.28411455937499996 0.526388890625
0 0.23854164375 0.48993055625000004 0.28402005625000004 0.5349063843749999 0.3996258453125 0.4682200890625 0.3558831390625 0.4293197859375 0.23854164375 0.48993055625000004
1 0.20338539375 0.4517361125 0.234028403125 0.49044887187499997 0.353800184375 0.43348766562499996 0.3058914078125 0.40153384687499993 0.20338539375 0.4517361125
1 0.7974765015624999 0.5446314203125 0.73072914375 0.6392361125 0.8193479343750001 0.693286203125 0.8651735953124999 0.5835317765625 0.7974765015624999 0.5446314203125
0 0.7151985609375 0.5168454812500001 0.6591145593750001 0.58541666875 0.7287378515625 0.6404930359375001 0.784978609375 0.554356509375 0.7151985609375 0.5168454812500001
0 0.60182289375 0.53854166875 0.6506258218750001 0.57936384375 0.716239959375 0.5140669296875 0.662082315625 0.4876702671875 0.60182289375 0.53854166875