1 0.09673419375 0.8366610343750001 0.1819828703125 0.8578680625 0.22290203125 0.6518572359375 0.154703171875 0.6442832890625 0.09673419375 0.8366610343750001
1 0.1836876921875 0.8412052546875 0.27149386875000003 0.8624123875 0.3132655296875 0.65488675 0.228017090625 0.6306501546875001 0.1836876921875 0.8412052546875
1 0.3993667078125 0.636709290625 0.3814643890625 0.8548382312499999 0.486320265625 0.8502941171874999 0.4786478859375 0.64125366875 0.3993667078125 0.636709290625
1 0.4880251453125 0.8472643906249999 0.5792525109375 0.8457702062499999 0.56389644375 0.62913534375 0.481205325 0.6306501546875001 0.4880251453125 0.8472643906249999
1 0.582651203125 0.832116709375 0.6837446984375 0.8301452062499999 0.6499975625000001 0.620046746875 0.5724213234375 0.62459101875 0.582651203125 0.832116709375
1 0.6849492828125 0.8109096812500001 0.7726118859375 0.8110479843749999 0.725016003125 0.6048988 0.6593748828125 0.617017071875 0.6849492828125 0.8109096812500001
1 0.77446028125 0.80636535625 0.8546431359375 0.795422984375 0.809412359375 0.6109579375 0.7395085609375001 0.6276205874999999 0.77446028125 0.80636535625
1 0.79065771875 0.57005874375 0.8556196984375 0.5627840953125001 0.8153797984375 0.4367576515625 0.7633780812500001 0.44433164999999997 0.79065771875 0.57005874375
1 0.3294629078125 0.6018693390625 0.40107170625000005 0.59126571875 0.41726890625 0.480686465625 0.350775046875 0.4746273296875 0.3294629078125 0.6018693390625
1 0.4083540734375 0.6044507625 0.48035288437499996 0.600354528125 0.486320265625 0.4761421390625 0.422383846875 0.4746273296875 0.4083540734375 0.6044507625
1 0.4864790734375 0.6027146515624999 0.56389644375 0.59126571875 0.5570765640625 0.4413020828125 0.4948451453125 0.45039078593750004 0.4864790734375 0.6027146515624999
1 0.5724165734375 0.5940340953125001 0.640620121875 0.58823625625 0.6210130421875 0.4670534359375 0.56219144375 0.4670534359375 0.5724165734375 0.5940340953125001
1 0.6456587609375 0.5836174296875 0.7181961218749999 0.582177121875 0.6917691625 0.4458464078125 0.6286853625 0.45190554374999997 0.6456587609375 0.5836174296875
1 0.7286665734375 0.5714646515624999 0.788100159375 0.5715735015625001 0.7608204015625 0.43372803125 0.697736721875 0.44736121874999996 0.7286665734375 0.5714646515624999
0 0.190507571875 0.600354528125 0.25529649062500004 0.598839665625 0.28342862968750004 0.4837160328125 0.23313197031250002 0.47311257187500005 0.190507571875 0.600354528125
0 0.3448075484375 0.4761421390625 0.2872603234375 0.48813131875 0.26041155 0.598839665625 0.32434796875 0.607928475 0.3448075484375 0.4761421390625
0 0.818789440625 0.4549351125 0.8571513984375001 0.5715735015625001 0.906595678125 0.5609700937500001 0.906595678125 0.5594552296875 0.8562990781250001 0.4534202484375 0.818789440625 0.4549351125
0 0.9552290734375 0.554103540625 0.906595678125 0.45039078593750004 0.858004078125 0.45190554374999997 0.912562878125 0.562484903125 0.9552290734375 0.554103540625
0 0.9799093578125 0.5897510140625 0.9330226375 0.6094430734375 0.9986642359375001 0.751832921875 0.99781155625 0.636709290625 0.9799093578125 0.5897510140625
0 0.8771040734375 0.607922984375 0.9372849578125001 0.7866731375 0.9961066765625001 0.7730400562499999 0.933875315625 0.5927805828125 0.8771040734375 0.607922984375
0 0.8087446984375 0.607922984375 0.8614137203125001 0.8003062203125 0.93643275625 0.780614003125 0.8750535984375001 0.6048988 0.8087446984375 0.607922984375
0 0.39510426718749997 0.65488675 0.3155806359375 0.6513257625 0.28598612968750003 0.8457496859375 0.375497128125 0.8563532531250001 0.39510426718749997 0.65488675