1 0.0874999765625 0.8250000015625 0.22153043125 0.71412565625 0.1455014359375 0.6918969265625 0.031978603125 0.796094196875 0.0874999765625 0.8250000015625
0 0.16041664375 0.8562500015625 0.27360511875000004 0.7377437671875 0.21840599843750003 0.7099578296875 0.0955097046875 0.822490859375 0.16041664375 0.8562500015625
0 0.23203122656250003 0.88055555625 0.3267212828125 0.7571938406250001 0.27360511875000004 0.7335758343750001 0.160082284375 0.8474981406250001 0.23203122656250003 0.88055555625
0 0.3308872734375 0.7613617734375 0.237239559375 0.8840277796875 0.31109887812500003 0.912795159375 0.4048333140625 0.779422675 0.3308872734375 0.7613617734375
0 0.4079578265625 0.7752547421875 0.31927080937499996 0.9152777796875 0.3933768984375 0.9544740671874999 0.4766963984375 0.7891477124999999 0.4079578265625 0.7752547421875
1 0.5673064015625 0.8322158953125 0.4725304078125 0.7863691609375 0.3960937265625 0.9482638906249999 0.40275035781249996 0.9614205531250001 0.4996093078125 0.9919850421874999 0.5673064015625 0.8322158953125
1 0.56938935625 0.8266586859375 0.5028645593750001 0.9881944453125 0.6141736203125 1 0.6506258218750001 0.8669483187499999 0.56938935625 0.8266586859375
1 0.6558332890624999 0.861391109375 0.6226562265625 0.9986111125000001 0.748526328125 0.996152975 0.753733796875 0.8891770484375 0.6558332890624999 0.861391109375
1 0.7554687265625 0.8475694453125 0.766231690625 0.6974540828125 0.6881196593750001 0.675225459375 0.6662482265625 0.8113764421875 0.7554687265625 0.8475694453125
0 0.565223365625 0.65021801875 0.51197914375 0.75555555625 0.580845771875 0.7808119515625 0.6297959468750001 0.668278975 0.565223365625 0.65021801875
0 0.6318790609375 0.662721659375 0.5809895593750001 0.783333334375 0.6672897843750001 0.8099871656250001 0.698534596875 0.6946755312499999 0.6318790609375 0.662721659375
0 0.3777544921875 0.643271534375 0.32057289375 0.7000000015625 0.37567153750000004 0.721072140625 0.4162898078125 0.65021801875 0.3777544921875 0.643271534375