0 0.3925467078125 0.65943118125 0.311560709375 0.6533720453125 0.275756309375 0.8715010390625 0.375497128125 0.8760454703124999 0.3925467078125 0.65943118125
0 0.9398425171874999 0.7912174640625 0.9386275109375 0.788478540625 0.8750535984375001 0.617017071875 0.8170846796875001 0.6139876109375 0.8648239578125001 0.801820925 0.9398425171874999 0.7912174640625
0 0.9952539968749999 0.7624365953125001 0.930465078125 0.6048988 0.8793160390624999 0.6124728 0.9432526359375 0.794247084375 0.9952539968749999 0.7624365953125001
0 0.8554466375 0.5670291749999999 0.8565962609375 0.5627840953125001 0.904890796875 0.5639996609375 0.852889078125 0.44433164999999997 0.8077071218749999 0.4428167875 0.8554466375 0.5670291749999999
1 0.1134321984375 0.8422979843749999 0.1836876921875 0.8518089265625 0.2356894703125 0.6503424250000001 0.1640806703125 0.6351944796875 0.1134321984375 0.8422979843749999
1 0.18862751093750002 0.8561868734375 0.274903809375 0.8608973656250001 0.308150709375 0.6503424250000001 0.22204965 0.638224153125 0.18862751093750002 0.8561868734375
1 0.17690876093750002 0.607922984375 0.25359166875 0.607928475 0.28342862968750004 0.4791717078125 0.22204965 0.46856814062499996 0.17690876093750002 0.607922984375
1 0.25103417031249997 0.603383990625 0.3224165734375 0.6027146515624999 0.338840228125 0.47311257187500005 0.28854356875 0.448875975 0.25103417031249997 0.603383990625
1 0.32179040937500003 0.594295234375 0.3965770203125 0.58997236875 0.4144793390625 0.4581859265625 0.3490700484375 0.4625090046875 0.32179040937500003 0.594295234375
1 0.4042495203125 0.5960315046875 0.47926825781250004 0.591487125 0.47926825781250004 0.45364165468750006 0.42215171875 0.46121549531249995 0.4042495203125 0.5960315046875
1 0.492055578125 0.599060965625 0.566221815625 0.591487125 0.55258205625 0.4384937625 0.48694063749999994 0.44909732968749994 0.492055578125 0.599060965625
1 0.5763228234375 0.5888257625 0.6429453765625001 0.58694269375 0.6139608562500001 0.44000862500000004 0.5594019359375 0.44606776249999996 0.5763228234375 0.5888257625
1 0.6515181359375 0.5870896515624999 0.715406853125 0.5733096125 0.68386489375 0.43091986875000005 0.6250431765625 0.44303819375 0.6515181359375 0.5870896515624999
1 0.7286665734375 0.5749368734375 0.7895730921874999 0.5733096125 0.7580311328125 0.43394943750000003 0.6975046546875 0.44152333125 0.7286665734375 0.5749368734375
1 0.7999556359375 0.5732007625 0.85521433125 0.57028015 0.8057700531249999 0.42334597656249995 0.7682608937500001 0.4384937625 0.7999556359375 0.5732007625
1 0.9112837609375 0.5575757625 0.958365209375 0.55210274375 0.9046586109374999 0.43091986875000005 0.8645917703125001 0.44303819375 0.9112837609375 0.5575757625
1 0.7887206515625 0.8293083890625 0.7892134484375 0.8301452062499999 0.862886890625 0.8050716343750001 0.81173773125 0.615723721875 0.7375714921875 0.6308714546874999 0.7887206515625 0.8293083890625
1 0.6974165734375 0.8527146515625 0.7810482125 0.8338528203125 0.732456375 0.6339011296875 0.6599952546875001 0.6354159390625 0.6974165734375 0.8527146515625
1 0.5730416968750001 0.6384454015625 0.5883864562500001 0.8520302281250001 0.6881273343750001 0.8444562812499999 0.6872745359375 0.842941365625 0.650617934375 0.636930590625 0.5730416968750001 0.6384454015625
1 0.4855025109375 0.8596590953125001 0.57815645625 0.842941365625 0.566221815625 0.6384454015625 0.4843831984375 0.6429897796875 0.4855025109375 0.8596590953125001
1 0.3771040734375 0.850978540625 0.475005759375 0.859604175 0.4801207578125 0.6535933468749999 0.3957246390625 0.649049021875 0.3771040734375 0.850978540625