1 0.23515625 0.23828125 0.09375 0.36015625
1 0.34609375 0.2515625 0.1 0.37578125
1 0.46171875 0.2484375 0.0984375 0.3625
1 0.5734375 0.25078125 0.10625 0.37421875
1 0.9203125 0.24921875 0.10390625 0.39296875
1 0.69453125 0.7484375 0.1015625 0.42109375
1 0.575 0.7390625 0.10078125 0.43984375
1 0.4609375 0.746875 0.1 0.43984375
0 0.690625 0.24765625 0.10234375 0.39609375
0 0.809375 0.25078125 0.11328125 0.39609375
0 0.925 0.753125 0.10859375 0.415625
0 0.80625 0.74765625 0.11171875 0.43125
0 0.34765625 0.7375 0.1046875 0.45859375
0 0.23203125 0.74765625 0.10703125 0.4484375