0 0.1828353109375 0.5836918796874999 0.24165684999999998 0.59429539375 0.284281009375 0.4594793828125 0.228869590625 0.4534202484375 0.1828353109375 0.5836918796874999
0 0.35759492656249997 0.46250895156249994 0.3328728484375 0.595810096875 0.4087439671875 0.595810096875 0.41726890625 0.4700830046875 0.35759492656249997 0.46250895156249994
0 0.40618658593749996 0.59126571875 0.4864790734375 0.5870896515624999 0.488025146875 0.44736121874999996 0.42323622812500006 0.45493511093750005 0.40618658593749996 0.59126571875
0 0.48461520625 0.5821771203125 0.5681588843750001 0.5821771203125 0.5536666828125 0.43978721875 0.487172765625 0.438272515625 0.48461520625 0.5821771203125
0 0.5681588843750001 0.586721446875 0.6495650109375 0.5732007625 0.6218654828125 0.4428167875 0.5579290046875001 0.4428167875 0.5681588843750001 0.586721446875
0 0.647440121875 0.5836918796874999 0.7233112421875 0.574603175 0.681539521875 0.42918375781250007 0.6193080421875 0.4367576515625 0.647440121875 0.5836918796874999
0 0.73098368125 0.579147446875 0.7833540734375 0.5679924296875 0.7369511203125 0.41403591874999995 0.6900644 0.42766889375000006 0.73098368125 0.579147446875
0 0.7957726 0.5685440390625 0.8487837609375 0.561047984375 0.8051499203124999 0.423124621875 0.742066 0.423124621875 0.7957726 0.5685440390625
0 0.8571513984375001 0.55339609375 0.9054243859375 0.5523674296875 0.8597089578125001 0.435242946875 0.81026468125 0.4322133265625 0.8571513984375001 0.55339609375
0 0.922792996875 0.55036663125 0.9552290734375 0.53500631875 0.9023333578124999 0.4322133265625 0.8665289578125 0.43978721875 0.922792996875 0.55036663125
0 0.9347276375 0.60338404375 0.87846371875 0.6003545296875 0.9347276375 0.7851581171875 0.9991474406249999 0.7609216796875 0.9347276375 0.60338404375
0 0.940695196875 0.801820925 0.8712446984375 0.59750631875 0.80685491875 0.59429539375 0.8767584796874999 0.8139391953124999 0.940695196875 0.801820925
0 0.8119695609375001 0.61550236875 0.7423384484375 0.6200757625 0.793215159375 0.8290868765624999 0.8656761609375 0.8169688171875 0.8119695609375001 0.61550236875
0 0.7335411203125 0.6124728 0.6573775109375 0.6200757625 0.6994417203125 0.8366610343750001 0.7812802796875 0.8215130359374999 0.7335411203125 0.6124728
0 0.5783887640625001 0.6306501546875001 0.593733403125 0.8502941171874999 0.69517928125 0.8457496859375 0.66107988125 0.62610588125 0.5783887640625001 0.6306501546875001
0 0.4914350859375 0.6215615046875 0.48461520625 0.6427683734375 0.48461520625 0.8608973671875001 0.5928809640625 0.8639271984375 0.5749787640624999 0.62913534375 0.4914350859375 0.6215615046875
0 0.48887770625 0.6382241546875 0.4010717078125 0.62610588125 0.375497128125 0.8518089281250001 0.481205325 0.8533235265625001 0.48887770625 0.6382241546875
0 0.16226032343750002 0.6304924296875 0.10866907343750001 0.809394765625 0.18539281093749999 0.8412052546875 0.2382469109375 0.6427683734375 0.16226032343750002 0.6304924296875
0 0.193065190625 0.8199983312500001 0.272346309375 0.85938276875 0.3132655296875 0.6382241546875 0.311560709375 0.64125366875 0.245919290625 0.6306501546875001 0.193065190625 0.8199983312500001
0 0.3966353234375 0.639172984375 0.319233028125 0.633679828125 0.284281009375 0.8518089281250001 0.37464462656249997 0.8624123890625001 0.3966353234375 0.639172984375
1 0.25103416875 0.5973248546875001 0.32434796875 0.59429539375 0.3456599890625 0.4594793828125 0.291953509375 0.4534202484375 0.25103416875 0.5973248546875001