1 0.1075728234375 0.8301452062499999 0.18539281093749999 0.85938276875 0.2348369703125 0.6427683734375 0.1640806703125 0.62610588125 0.1075728234375 0.8301452062499999
1 0.3132655296875 0.6609458859374999 0.2305744109375 0.6442832890625 0.19477013125 0.8412052546875 0.274903809375 0.8608973671875001 0.3132655296875 0.6609458859374999
1 0.3692915734375 0.8579229843749999 0.3899893875 0.648827615625 0.31070820781249997 0.6397389640625 0.2851336296875 0.8290868765624999 0.3692915734375 0.8579229843749999
1 0.3976617671875 0.6442832890625 0.3790571984375 0.8492424296875001 0.483762825 0.8608973671875001 0.47694294531250003 0.64125366875 0.3976617671875 0.6442832890625
1 0.48887770625 0.8533235265625001 0.5841353234375 0.8492424296875001 0.5621914453125 0.648827615625 0.48291032500000003 0.647312909375 0.48887770625 0.8533235265625001
1 0.5817984046875 0.823027953125 0.6827681359375 0.8249368734375 0.645735121875 0.6185319359375 0.5715688828125 0.62913534375 0.5817984046875 0.823027953125
1 0.69347428125 0.8139391953124999 0.7667525109375 0.7919507625 0.7326886796875 0.603383990625 0.6508500015625 0.6276205859374999 0.69347428125 0.8139391953124999
1 0.7736079609375001 0.789702546875 0.8648239578125001 0.780614003125 0.8008872421875 0.6064136640625 0.736098321875 0.61550236875 0.7736079609375001 0.789702546875
1 0.874201278125 0.5973248546875001 0.9415473984375 0.7760695703125 0.9952539984375001 0.751832921875 0.9381377562500001 0.59126571875 0.874201278125 0.5973248546875001
1 0.754000521875 0.45039078593750004 0.6883594015625001 0.44433164999999997 0.7198511078125 0.5789326609375001 0.7812802796875 0.5624849046875 0.754000521875 0.45039078593750004
1 0.6218654828125 0.4488759765625 0.645735121875 0.5761179859375 0.7096713625 0.565514365625 0.6900644 0.435242946875 0.6218654828125 0.4488759765625
1 0.5715688828125 0.5821771203125 0.64147268125 0.579147446875 0.6201603640625 0.43978721875 0.5587815640625 0.4367576515625 0.5715688828125 0.5821771203125
1 0.4914350859375 0.59278058125 0.5681588843750001 0.58823625625 0.5570765640625 0.4367576515625 0.48461520625 0.43372803125 0.4914350859375 0.59278058125
1 0.479500384375 0.435242946875 0.422383846875 0.435242946875 0.40381356718749994 0.5912314624999999 0.485467765625 0.5897510140625 0.479500384375 0.435242946875
1 0.3312056359375 0.585353540625 0.3968092671875 0.5852065828125 0.4130064671875 0.4594793828125 0.3618573671875 0.45190554374999997 0.3312056359375 0.585353540625
1 0.2599165734375 0.59577020625 0.3252004671875 0.6003545296875 0.3533324875 0.45190554374999997 0.291953509375 0.44433164999999997 0.2599165734375 0.59577020625
1 0.17886188593750002 0.6027146515624999 0.2544441109375 0.6018693390625 0.28683856875 0.45493511093750005 0.2314270296875 0.4594793828125 0.17886188593750002 0.6027146515624999
0 0.7901900109375 0.58188131875 0.85033151875 0.5639996609375 0.8000350390625 0.4413020828125 0.7522957609375001 0.4428167875 0.7901900109375 0.58188131875
0 0.858004078125 0.5715735015625001 0.9108579984375 0.565514365625 0.86056151875 0.45039078593750004 0.806002359375 0.44433164999999997 0.858004078125 0.5715735015625001
0 0.9551871578125001 0.5564257687499999 0.9522993859375 0.5402146515624999 0.9091532375 0.4413020828125 0.8614137203125001 0.4564498171875 0.9134156765625001 0.5685440390625 0.9551871578125001 0.5564257687499999
0 0.9270554375 0.7578920578125 0.8665289578125 0.5973248546875001 0.81026468125 0.607928475 0.8631189578124999 0.77758416875 0.9270554375 0.7578920578125