1 0.3722212609375 0.86313131875 0.3985142078125 0.633679828125 0.3132655296875 0.62459101875 0.2800186296875 0.84423498125 0.3722212609375 0.86313131875
1 0.228869590625 0.6276205859374999 0.190507571875 0.832116709375 0.2774612484375 0.83969055 0.3090031484375 0.62913534375 0.228869590625 0.6276205859374999
1 0.1129315125 0.8154539015625 0.192212690625 0.809394765625 0.2305744109375 0.633679828125 0.1623756703125 0.6094430734375 0.1129315125 0.8154539015625
1 0.258706490625 0.574603175 0.32434796875 0.5897510140625 0.3533324875 0.4534202484375 0.28683856875 0.4488759765625 0.258706490625 0.574603175
1 0.6866544015625 0.43978721875 0.7258688015625 0.565514365625 0.7898049203124999 0.5473369578125 0.75655808125 0.4306984625 0.6866544015625 0.43978721875
0 0.239099409375 0.4428167875 0.1870976328125 0.5897510140625 0.2467717890625 0.58823625625 0.291953509375 0.45190554374999997 0.239099409375 0.4428167875
0 0.40277664687500003 0.6003545296875 0.4230025109375 0.4534090953125 0.35247986875000004 0.4458464078125 0.3269053484375 0.5897510140625 0.40277664687500003 0.6003545296875
0 0.486320265625 0.59126571875 0.4914350859375 0.43372803125 0.4292037265625 0.4367576515625 0.4087439671875 0.59429539375 0.486320265625 0.59126571875
0 0.486320265625 0.869986334375 0.4874556359375 0.632228540625 0.403629146875 0.62459101875 0.380611946875 0.8715010390625 0.486320265625 0.869986334375
0 0.587766084375 0.8533235265625001 0.5646040734375 0.62702020625 0.4931401453125 0.633679828125 0.488025146875 0.8518089281250001 0.587766084375 0.8533235265625001
0 0.56389644375 0.579147446875 0.5630440046875 0.5639996609375 0.54940424375 0.4200950546875 0.5025174046875 0.423124621875 0.48887770625 0.5836918796874999 0.56389644375 0.579147446875
0 0.6505415734375 0.5749368734375 0.6201603640625 0.4155507296875 0.5519616828125 0.41706548593750004 0.5741263234375 0.5852065828125 0.6505415734375 0.5749368734375
0 0.7247603234375 0.5732007625 0.6875068421874999 0.438272515625 0.62698024375 0.438272515625 0.6517024421875 0.595810096875 0.7247603234375 0.5732007625
0 0.8017400390624999 0.57005874375 0.8136747984375001 0.5639996609375 0.86056151875 0.55339609375 0.8034448 0.426154190625 0.7608204015625 0.4306984625 0.8017400390624999 0.57005874375
0 0.911710678125 0.5473369578125 0.8537416390624999 0.4306984625 0.8034448 0.42918375781250007 0.86226651875 0.5564257687499999 0.911710678125 0.5473369578125
0 0.9659712609375 0.545422984375 0.90403811875 0.423124621875 0.8511841984374999 0.4322133265625 0.9100056765625 0.557940525 0.9659712609375 0.545422984375
0 1 0.751832921875 0.9386275109375 0.59577020625 0.8801687171875001 0.595810096875 0.9398425187500001 0.7866731390624999 1 0.751832921875
0 0.8097212609375 0.61313131875 0.8750535984375001 0.7987914093749999 0.93472775625 0.77758416875 0.8733488375 0.598839665625 0.8097212609375 0.61313131875
0 0.737803559375 0.603383990625 0.7386558812499999 0.6276205859374999 0.7872477203125 0.8124244921875 0.8699388390625 0.7866731390624999 0.8025924796874999 0.586721446875 0.737803559375 0.603383990625
0 0.6573775109375 0.616603540625 0.689211603125 0.7972763875 0.775312959375 0.7881878437500001 0.737803559375 0.5973248546875001 0.6573775109375 0.616603540625
0 0.5802290734375 0.6218118734375 0.5894710828124999 0.8336314140625 0.6926218421875 0.8366610343750001 0.6585223234375001 0.6048988015625001 0.5802290734375 0.6218118734375