1 0.11122645312499999 0.8366610343750001 0.17772043125 0.8457496859375 0.22716458906249998 0.6564013484375 0.15640829218750002 0.6321650187500001 0.11122645312499999 0.8366610343750001
1 0.228869590625 0.6457981 0.19477013125 0.84877930625 0.27064136875 0.8563532531250001 0.2714938703125 0.8639271984375 0.30474076875 0.6564013484375 0.228869590625 0.6457981
1 0.366972128125 0.8669565015625 0.3891368875 0.6533720453125 0.311560709375 0.636709290625 0.28342862812499997 0.8518089281250001 0.3674982765625 0.8680783968749999 0.366972128125 0.8669565015625
1 0.3797595671875 0.8548382312499999 0.4760904453125 0.85938276875 0.479500384375 0.6457981 0.403629146875 0.6442832890625 0.3797595671875 0.8548382312499999
1 0.4914350859375 0.62459101875 0.4942915734375 0.8683396515625 0.5792412031249999 0.8502941171874999 0.5621914453125 0.6382241546875 0.4914350859375 0.62459101875
1 0.5783887640625001 0.62610588125 0.5903235234374999 0.8215130359374999 0.6798384484375 0.81625631875 0.6840969609374999 0.818483628125 0.6482925625 0.61550236875 0.5783887640625001 0.62610588125
1 0.6926218421875 0.8124244921875 0.7735884484375 0.79889520625 0.7275735625 0.61550236875 0.6559647640625 0.62610588125 0.6926218421875 0.8124244921875
1 0.77446028125 0.7987914093749999 0.8595259484375 0.795422984375 0.811117359375 0.6064136640625 0.737803559375 0.62459101875 0.77446028125 0.7987914093749999
1 0.6900644 0.4428167875 0.7189009484375 0.5575757625 0.7326886796875 0.5761179859375 0.78895271875 0.57005874375 0.7522957609375001 0.4322133265625 0.6900644 0.4428167875
1 0.6524946984375 0.5749368734375 0.7113764812500001 0.5730883109375 0.6900644 0.4458464078125 0.61589804375 0.46402386875 0.6524946984375 0.5749368734375
1 0.5636275109375 0.585353540625 0.64147268125 0.5806623109375 0.6218654828125 0.44736121874999996 0.561339003125 0.44736121874999996 0.5636275109375 0.585353540625
1 0.48035288437499996 0.6064136640625 0.47694294531250003 0.5821771203125 0.483762825 0.4594793828125 0.4274987265625 0.4534202484375 0.404481646875 0.6139876109375 0.48035288437499996 0.6064136640625
1 0.32605296875 0.598839665625 0.349069928125 0.5973248546875001 0.3993667078125 0.5973248546875001 0.420678846875 0.4534202484375 0.3618573671875 0.4534202484375 0.32605296875 0.598839665625
1 0.257001609375 0.6018693390625 0.320938028125 0.598839665625 0.349069928125 0.4564498171875 0.28769095 0.45039078593750004 0.257001609375 0.6018693390625
1 0.18179157343750002 0.607922984375 0.25359166875 0.6003545296875 0.28342862812499997 0.46553851875 0.22204965 0.4564498171875 0.18179157343750002 0.607922984375
0 0.48291032500000003 0.6003545296875 0.5621914453125 0.5852065828125 0.559633765625 0.4428167875 0.5042224656250001 0.4428167875 0.48291032500000003 0.6003545296875
0 0.8562990781250001 0.565514365625 0.794920040625 0.4306984625 0.75655808125 0.4322133265625 0.791510159375 0.5715735015625001 0.8562990781250001 0.565514365625
0 0.9091532375 0.55491095625 0.8520366375 0.42766889375000006 0.794920040625 0.4200950546875 0.8631189578124999 0.5761179859375 0.9091532375 0.55491095625
0 0.9562056359375 0.54889520625 0.8963659171874999 0.43372803125 0.8562990781250001 0.43372803125 0.9142681171874999 0.5594552296875 0.9562056359375 0.54889520625
0 0.867381396875 0.7972763875 0.935580196875 0.794247084375 0.8733488375 0.6094430734375 0.8196422390625001 0.6230762078125001 0.867381396875 0.7972763875
1 0.9389900765625001 0.5852065828125 0.8835787171874999 0.620046640625 0.9372853156250001 0.7881878437500001 0.9978117953125001 0.7639513 0.9389900765625001 0.5852065828125