1 0.2544441109375 0.57005874375 0.32264296875 0.5852065828125 0.355037428125 0.45190554374999997 0.290248509375 0.43372803125 0.2544441109375 0.57005874375
1 0.176015371875 0.8381758453125 0.22545964999999998 0.647312909375 0.15640829218750002 0.62913534375 0.10866907343750001 0.8245427640624999 0.176015371875 0.8381758453125
1 0.2646739890625 0.8608973671875001 0.3090031484375 0.6382241546875 0.22716458906249998 0.62610588125 0.1956226296875 0.8306018984374999 0.2646739890625 0.8608973671875001
1 0.3175280875 0.633679828125 0.28342862812499997 0.8578680625 0.37464462656249997 0.8502941171874999 0.3874318875 0.6427683734375 0.3175280875 0.633679828125
1 0.487172765625 0.84423498125 0.5812056359375 0.8527146515625 0.566453765625 0.6276205859374999 0.486320265625 0.62913534375 0.487172765625 0.84423498125
1 0.7019991609375 0.8139391953124999 0.7677290734375 0.788478540625 0.7275735625 0.586721446875 0.663637321875 0.6094430734375 0.7019991609375 0.8139391953124999
1 0.7284262406249999 0.5715735015625001 0.7853071984375 0.5679924296875 0.7454758796875 0.42766889375000006 0.69347428125 0.44736121874999996 0.7284262406249999 0.5715735015625001
0 0.23227952968749999 0.45190554374999997 0.18862751093750002 0.59750631875 0.25188655 0.59126571875 0.2817236890625 0.45493511093750005 0.23227952968749999 0.45190554374999997
0 0.4034712609375 0.59577020625 0.422383846875 0.46402386875 0.3533324875 0.45190554374999997 0.32434796875 0.59429539375 0.4034712609375 0.59577020625
0 0.40618658593749996 0.6321650187500001 0.40618658593749996 0.6442832890625 0.4044478234375 0.64438131875 0.3789070671875 0.8624123890625001 0.481205325 0.8608973671875001 0.4777953859375 0.633679828125 0.40618658593749996 0.6321650187500001
0 0.4864790734375 0.5836174296875 0.48887770625 0.45039078593750004 0.41897390625 0.45039078593750004 0.40277664687500003 0.598839665625 0.4864790734375 0.5836174296875
0 0.488025146875 0.5897510140625 0.5724213234375 0.59429539375 0.5528138859375 0.42918375781250007 0.486320265625 0.4367576515625 0.488025146875 0.5897510140625
0 0.5681588843750001 0.58823625625 0.6495650109375 0.58188131875 0.6176028046875001 0.43978721875 0.5553714453125 0.435242946875 0.5681588843750001 0.58823625625
0 0.6167506031250001 0.41706548593750004 0.6559647640625 0.5776326375 0.7233112421875 0.5806623109375 0.72075368125 0.5776326375 0.6832445218750001 0.418580296875 0.6167506031250001 0.41706548593750004
0 0.79065771875 0.565514365625 0.8595259484375 0.55063131875 0.8008872421875 0.423124621875 0.7522957609375001 0.4246393265625 0.79065771875 0.565514365625
0 0.8562990781250001 0.55491095625 0.9091532375 0.55036663125 0.852889078125 0.4367576515625 0.81026468125 0.4458464078125 0.8562990781250001 0.55491095625
0 0.8631189578124999 0.44433164999999997 0.9151204375 0.548851821875 0.9591353234375 0.5436868734375 0.9611548359375 0.5427926859375 0.904890796875 0.43372803125 0.8631189578124999 0.44433164999999997
0 0.9364327578125 0.595810096875 0.87846371875 0.6064136640625 0.9424000781249999 0.77758416875 0.9986642343750001 0.7563773546875 0.9364327578125 0.595810096875
0 0.8818735984374999 0.598839665625 0.8048384484375 0.5940340953125001 0.8724960390625001 0.8078800609375 0.940695196875 0.78212870625 0.8818735984374999 0.598839665625
0 0.7862837609375 0.8110479843749999 0.8614137203125001 0.7881878437500001 0.79065771875 0.59429539375 0.7326886796875 0.6094430734375 0.7862837609375 0.8110479843749999
0 0.5800936437499999 0.633679828125 0.5899946984375 0.83188131875 0.6840969609374999 0.8199983312500001 0.66107988125 0.6215615046875 0.5800936437499999 0.633679828125