0 0.2493292296875 0.59429539375 0.2853071984375 0.47424242968749997 0.228869590625 0.4670534359375 0.1836876921875 0.58823625625 0.2493292296875 0.59429539375
0 0.32349535 0.595810096875 0.3565962609375 0.46729798437500003 0.28854356875 0.4670534359375 0.25529649062500004 0.59126571875 0.32349535 0.595810096875
0 0.40277664687500003 0.5973248546875001 0.422383846875 0.4700830046875 0.36015224843750004 0.4594793828125 0.337135228125 0.59126571875 0.40277664687500003 0.5973248546875001
0 0.485467765625 0.8548382312499999 0.4835493859375 0.64438131875 0.4010717078125 0.6382241546875 0.3780544484375 0.84877930625 0.485467765625 0.8548382312499999
0 0.5704634484375 0.58188131875 0.554519125 0.435242946875 0.486320265625 0.435242946875 0.486320265625 0.59429539375 0.5704634484375 0.58188131875
0 0.4132368859375 0.592297984375 0.4786478859375 0.5973248546875001 0.48205782499999994 0.45493511093750005 0.42664628593750004 0.4488759765625 0.4132368859375 0.592297984375
0 0.597143403125 0.869986334375 0.5741263234375 0.6351944796875 0.485467765625 0.64125366875 0.488025146875 0.84877930625 0.597143403125 0.869986334375
0 0.6883594015625001 0.8427201703125 0.6505415734375 0.6339646515624999 0.5817984046875 0.62913534375 0.5945859625 0.8412052546875 0.6883594015625001 0.8427201703125
0 0.6482925625 0.58823625625 0.6144087609375 0.42389520625 0.5579290046875001 0.435242946875 0.5741263234375 0.574603175 0.6482925625 0.58823625625
0 0.66107988125 0.5836918796874999 0.7224588 0.579147446875 0.6858019609375 0.43978721875 0.6210130421875 0.4322133265625 0.66107988125 0.5836918796874999
0 0.86823371875 0.7987914093749999 0.8067915734375 0.607922984375 0.7395085609375001 0.6139876109375 0.782132840625 0.8003062203125 0.86823371875 0.7987914093749999
0 0.938990196875 0.7790991921875 0.8733488375 0.603383990625 0.81026468125 0.5973248546875001 0.8716438390624999 0.7957617890625001 0.938990196875 0.7790991921875
0 0.9054243859375 0.5436868734375 0.8537416390624999 0.438272515625 0.81026468125 0.45190554374999997 0.8639713984374999 0.565514365625 0.9054243859375 0.5436868734375
0 0.9581587609375 0.545422984375 0.906595678125 0.4413020828125 0.8665289578125 0.4488759765625 0.9134156765625001 0.557940525 0.9581587609375 0.545422984375
1 0.10440651249999999 0.8033355234374999 0.1061116328125 0.809394765625 0.1828353109375 0.83969055 0.2314270296875 0.6397389640625 0.1734579921875 0.6230762078125001 0.10440651249999999 0.8033355234374999
1 0.2774946984375 0.850978540625 0.3141181484375 0.6351944796875 0.22545964999999998 0.6185319359375 0.19477013125 0.832116709375 0.2774946984375 0.850978540625
1 0.3141181484375 0.6276205859374999 0.2853071984375 0.850978540625 0.3703820671875 0.85938276875 0.39510426718749997 0.6306501546875001 0.3141181484375 0.6276205859374999
1 0.6653423218750001 0.6124728 0.6935103234375 0.79889520625 0.7812802796875 0.8003062203125 0.7446234406250001 0.6064136640625 0.6653423218750001 0.6124728
1 0.7216063609375001 0.5685440390625 0.7898049203124999 0.5564257687499999 0.7497382015625 0.426154190625 0.6900644 0.4322133265625 0.7216063609375001 0.5685440390625
1 0.7974776 0.57005874375 0.8517134484375 0.5558396515624999 0.8119695609375001 0.41403591874999995 0.7591156406249999 0.42918375781250007 0.7974776 0.57005874375
1 0.8869885984374999 0.565514365625 0.8656761609375 0.5761179859375 0.87846371875 0.6094430734375 0.953482396875 0.78212870625 0.9969592359374999 0.7563773546875 0.9585973953125 0.5639996609375 0.8869885984374999 0.565514365625