0 0.5606978234375 0.45514520625 0.57327364375 0.579147446875 0.6491448828124999 0.5836918796874999 0.624422684375 0.45493511093750005 0.5606978234375 0.45514520625
0 0.660227084375 0.633679828125 0.5782759484375 0.6374368734375 0.59117584375 0.8245427640624999 0.6909168421875 0.8351460124999999 0.660227084375 0.633679828125
0 0.7795753984375 0.801820925 0.86226651875 0.7987914093749999 0.8034898359374999 0.6141290984375 0.743771 0.62459101875 0.7795753984375 0.801820925
1 0.153850790625 0.62610588125 0.1065962609375 0.8110479843749999 0.190507571875 0.83969055 0.22972197031250002 0.6351944796875 0.153850790625 0.62610588125
1 0.18539281093749999 0.59126571875 0.2530806359375 0.6027146515624999 0.2825761890625 0.4564498171875 0.22290203125 0.45190554374999997 0.18539281093749999 0.59126571875
1 0.291953509375 0.4413020828125 0.2604115484375 0.5852065828125 0.3233931359375 0.592297984375 0.32264296875 0.5852065828125 0.350775046875 0.4534202484375 0.291953509375 0.4413020828125
1 0.355037428125 0.4428167875 0.32008540937499996 0.59126571875 0.38572694687500003 0.6003545296875 0.40277664687500003 0.5852065828125 0.41385896562499996 0.44433164999999997 0.355037428125 0.4428167875
1 0.4121540265625 0.5852065828125 0.483762825 0.5836918796874999 0.48291032500000003 0.435242946875 0.42323622812500006 0.4322133265625 0.4121540265625 0.5852065828125
1 0.49740258437499996 0.586721446875 0.5636275109375 0.576672984375 0.541731565625 0.4200950546875 0.4931401453125 0.42160986562499997 0.49740258437499996 0.586721446875
1 0.689211603125 0.4367576515625 0.6448825625 0.43978721875 0.634652803125 0.4579646796875 0.6573775109375 0.5627840953125001 0.6559647640625 0.5670291765625 0.715638921875 0.541277821875 0.689211603125 0.4367576515625
1 0.726721240625 0.5776326375 0.7862837609375 0.561047984375 0.7480334390625 0.423124621875 0.6960316015625 0.43978721875 0.726721240625 0.5776326375
1 0.7966249203125 0.5624849046875 0.8517134484375 0.54889520625 0.8145271203125001 0.4155507296875 0.7591156406249999 0.42918375781250007 0.7966249203125 0.5624849046875
1 0.8153797984375 0.4125211609375 0.858004078125 0.55188123125 0.9093306359375 0.5436868734375 0.906595678125 0.5427926859375 0.8656761609375 0.39888797343750004 0.8153797984375 0.4125211609375
1 0.87846371875 0.4246393265625 0.912562878125 0.5473369578125 0.966269478125 0.5382482546875 0.967974715625 0.535218740625 0.9159731171875001 0.42918375781250007 0.87846371875 0.4246393265625
1 0.9901393562499999 0.7245668640625 0.9568923968749999 0.598839665625 0.935580196875 0.5836918796874999 0.8929557984375001 0.59429539375 0.9483931359375 0.772853540625 0.9466625171875 0.7745548671875 0.9944017953125 0.75031821875 0.9901393562499999 0.7245668640625
1 0.811117359375 0.6094430734375 0.874201278125 0.7912174640625 0.9287601984375 0.7578920578125 0.8878410375 0.6018693390625 0.811117359375 0.6094430734375
1 0.5800936437499999 0.84877930625 0.5792412031249999 0.809394765625 0.570716084375 0.6276205859374999 0.487172765625 0.6230762078125001 0.4914350859375 0.8502941171874999 0.5800936437499999 0.84877930625
1 0.479500384375 0.84423498125 0.48035288437499996 0.8139391953124999 0.48035288437499996 0.6200467453125 0.3959567671875 0.6306501546875001 0.38828426875 0.83969055 0.479500384375 0.84423498125
1 0.3823170078125 0.8502941171874999 0.3780544484375 0.8215130359374999 0.3942518265625 0.6457981 0.319233028125 0.636709290625 0.28342862812499997 0.8290868765624999 0.3823170078125 0.8502941171874999
1 0.2680839296875 0.8245427640624999 0.3098557078125 0.64125366875 0.24421423125000002 0.62913534375 0.20073751093749997 0.8124244921875 0.2680839296875 0.8245427640624999