0 0.275756309375 0.8563532531250001 0.3780544484375 0.8669565015625 0.3946821984375 0.6495896515624999 0.3925467078125 0.6503424250000001 0.31582302812499996 0.6457981 0.275756309375 0.8563532531250001
0 0.48291032500000003 0.8624123890625001 0.48291032500000003 0.6457981 0.401924146875 0.647312909375 0.3797595671875 0.8608973671875001 0.48291032500000003 0.8624123890625001
0 0.404481646875 0.586721446875 0.4855025109375 0.585353540625 0.4982550859375 0.43372803125 0.421531346875 0.43372803125 0.404481646875 0.586721446875
0 0.5704634484375 0.5784090953125001 0.6534072046875 0.574603175 0.6235704828124999 0.4367576515625 0.5528138859375 0.4458464078125 0.5704634484375 0.5784090953125001
0 0.5763228234375 0.64438131875 0.5979958437499999 0.8578680625 0.6926218421875 0.8336314140625 0.6534072046875 0.6230762078125001 0.5763228234375 0.64438131875
0 0.7923624796875 0.8290868765624999 0.8648239578125001 0.8003062203125 0.8025924796874999 0.6139876109375 0.742066 0.6276205859374999 0.7923624796875 0.8290868765624999
0 0.8526900109375 0.54889520625 0.9100056765625 0.5443074953125 0.8520366375 0.4413020828125 0.8077071218749999 0.44433164999999997 0.8526900109375 0.54889520625
1 0.19546344843750002 0.58188131875 0.2604115484375 0.5821771203125 0.290248509375 0.45493511093750005 0.24080423125 0.45190554374999997 0.19546344843750002 0.58188131875
1 0.109521571875 0.8154539015625 0.17857293125 0.8215130359374999 0.21949220937499997 0.6351944796875 0.17345793125 0.6124728 0.109521571875 0.8154539015625
1 0.19477013125 0.8351460124999999 0.2745650109375 0.84750631875 0.30729826875 0.64125366875 0.2305744109375 0.6200467453125 0.19477013125 0.8351460124999999
1 0.25785405 0.5836918796874999 0.3185103234375 0.585353540625 0.3465126078125 0.4534202484375 0.290248509375 0.45190554374999997 0.25785405 0.5836918796874999
1 0.3311677296875 0.58823625625 0.4034712609375 0.5870896515624999 0.4164164078125 0.43978721875 0.356742428125 0.4428167875 0.3311677296875 0.58823625625
1 0.4939926453125 0.586721446875 0.566453765625 0.579147446875 0.54940424375 0.438272515625 0.4939926453125 0.44433164999999997 0.4939926453125 0.586721446875
1 0.570716084375 0.6382241546875 0.4835493859375 0.6357007625 0.4956975859375 0.83969055 0.5860610828125 0.8412052546875 0.570716084375 0.6382241546875
1 0.6644895234375 0.6124728 0.69347428125 0.8169688171875 0.7625256406250001 0.801820925 0.7676404 0.7669809203125 0.730131240625 0.6003545296875 0.6644895234375 0.6124728
1 0.8119695609375001 0.595810096875 0.86226651875 0.8003062203125 0.9249556359375 0.76764520625 0.8921034765625 0.59126571875 0.870791278125 0.5639996609375 0.8119695609375001 0.595810096875
1 0.9372849578125001 0.76395119375 0.9918443546875 0.747288703125 0.9475150765624999 0.574603175 0.894660678125 0.5973248546875001 0.9372849578125001 0.76395119375
1 0.7931196984375 0.5679924296875 0.858004078125 0.5473369578125 0.81026468125 0.4367576515625 0.74888588125 0.4306984625 0.7931196984375 0.5679924296875
1 0.8648239578125001 0.4428167875 0.9142134484375 0.54889520625 0.9645647171875 0.5443074953125 0.9202355578124999 0.438272515625 0.8648239578125001 0.4428167875
1 0.7292784421875 0.5715735015625001 0.7966249203125 0.5639996609375 0.7548533203125001 0.4200950546875 0.69347428125 0.426154190625 0.7292784421875 0.5715735015625001
1 0.6559647640625 0.5624849046875 0.7233112421875 0.5730883109375 0.6858019609375 0.42766889375000006 0.629537921875 0.42918375781250007 0.6559647640625 0.5624849046875