1 0.1819828703125 0.59429539375 0.2511275109375 0.59577020625 0.2825761890625 0.4579646796875 0.22460715000000003 0.45039078593750004 0.1819828703125 0.59429539375
1 0.25273917031250004 0.6003545296875 0.3253462609375 0.5992424296875 0.3473651078125 0.460994246875 0.28939606875 0.45190554374999997 0.25273917031250004 0.6003545296875
1 0.32434796875 0.595810096875 0.4064009484375 0.5992424296875 0.4095965265625 0.4413020828125 0.3482174890625 0.438272515625 0.32434796875 0.595810096875
1 0.4095965265625 0.598839665625 0.4815962609375 0.5940340953125001 0.47438544531250004 0.4306984625 0.422383846875 0.4367576515625 0.4095965265625 0.598839665625
1 0.4914350859375 0.5836918796874999 0.5626509484375 0.5784090953125001 0.5391743640625 0.41403591874999995 0.485467765625 0.4200950546875 0.4914350859375 0.5836918796874999
1 0.6355050046875 0.4428167875 0.660227084375 0.5836918796874999 0.7181961218749999 0.55188123125 0.689211603125 0.423124621875 0.6355050046875 0.4428167875
1 0.7275735625 0.5609700937500001 0.7853071984375 0.554103540625 0.754000521875 0.418580296875 0.69517928125 0.4246393265625 0.7275735625 0.5609700937500001
1 0.7991824796875 0.5670291765625 0.8511841984374999 0.55188123125 0.8196422390625001 0.42160986562499997 0.7599682 0.41706548593750004 0.7991824796875 0.5670291765625
1 0.8597089578125001 0.5594552296875 0.9134156765625001 0.55339609375 0.86823371875 0.4125211609375 0.8162322390625001 0.41403591874999995 0.8597089578125001 0.5594552296875
1 0.9577447171875001 0.515526521875 0.9142681171874999 0.42160986562499997 0.8793160390624999 0.4367576515625 0.917677996875 0.5458221484375 0.9551871578125001 0.53673355 0.95433495625 0.5337038765625 0.95603995625 0.5337038765625 0.9577447171875001 0.515526521875
1 0.8801687171875001 0.5761179859375 0.9466625171875 0.78212870625 0.9918443546875 0.742744378125 0.9475150765624999 0.5715735015625001 0.8801687171875001 0.5761179859375
1 0.8690863984374999 0.7927322734375 0.9372849578125001 0.7654661093749999 0.8869885984374999 0.5776326375 0.8162322390625001 0.6018693390625 0.8690863984374999 0.7927322734375
1 0.7778704000000001 0.7972763875 0.742066 0.6003545296875 0.6661947609375 0.6094430734375 0.6960316015625 0.8169688171875 0.7778704000000001 0.7972763875
1 0.584355965625 0.8427201703125 0.5741263234375 0.633679828125 0.4922876453125 0.62610588125 0.48461520625 0.84877930625 0.584355965625 0.8427201703125
1 0.2804243859375 0.8422979843749999 0.3183805875 0.6351944796875 0.236541909375 0.6215615046875 0.1896551921875 0.8245427640624999 0.2804243859375 0.8422979843749999
1 0.2356894703125 0.6276205859374999 0.153850790625 0.62459101875 0.11043900468750001 0.8233714015625001 0.190507571875 0.8306018984374999 0.2356894703125 0.6276205859374999
0 0.3968092671875 0.64125366875 0.32008540937499996 0.6397389640625 0.2908452359375 0.840145140625 0.291953509375 0.8381758453125 0.2909522328125 0.844402821875 0.375497128125 0.8502941171874999 0.3968092671875 0.64125366875
0 0.4845259484375 0.64438131875 0.401924146875 0.6457981 0.38572694687500003 0.8669565015625 0.487172765625 0.85938276875 0.4845259484375 0.64438131875
0 0.66107988125 0.6215615046875 0.5775360843749999 0.633679828125 0.5886182859375 0.8290868765624999 0.689211603125 0.823027953125 0.66107988125 0.6215615046875
0 0.5579290046875001 0.426154190625 0.5772993859375 0.5679924296875 0.647440121875 0.5715735015625001 0.624422684375 0.42766889375000006 0.5579290046875001 0.426154190625
0 0.8051499203124999 0.6139876109375 0.743771 0.6230762078125001 0.7872477203125 0.7957617890625001 0.8588562796874999 0.7866731390624999 0.8051499203124999 0.6139876109375