1 0.2731986890625 0.8669565015625 0.27916625 0.85938276875 0.308150709375 0.6397389640625 0.237394290625 0.6230762078125001 0.192212690625 0.8245427640624999 0.2731986890625 0.8669565015625
1 0.22460715000000003 0.6351944796875 0.16067073125 0.6124728 0.1090597296875 0.8360104953124999 0.18880275 0.84423498125 0.22460715000000003 0.6351944796875
1 0.37208718749999997 0.8608973671875001 0.39510426718749997 0.6397389640625 0.3132655296875 0.62459101875 0.2808710703125 0.8472643906249999 0.37208718749999997 0.8608973671875001
1 0.6994417203125 0.827572278125 0.7855426015625 0.8124244921875 0.742066 0.598839665625 0.6627847625000001 0.603383990625 0.6994417203125 0.827572278125
1 0.7173439203124999 0.565514365625 0.7892134484375 0.5627840953125001 0.7667880796875 0.4367576515625 0.6883594015625001 0.43978721875 0.7173439203124999 0.565514365625
1 0.7983300390625 0.5624849046875 0.8556196984375 0.56625631875 0.8077071218749999 0.4200950546875 0.7676404 0.43372803125 0.7983300390625 0.5624849046875
0 0.2467717890625 0.6018693390625 0.28854356875 0.4746273296875 0.2314270296875 0.4700830046875 0.18539281093749999 0.595810096875 0.2467717890625 0.6018693390625
0 0.32179052812500003 0.59278058125 0.3541849875 0.47159770781250004 0.291953509375 0.4700830046875 0.25188655 0.59126571875 0.32179052812500003 0.59278058125
0 0.40277664687500003 0.607928475 0.41897390625 0.47159770781250004 0.3618573671875 0.46402386875 0.32775778906249997 0.59126571875 0.40277664687500003 0.607928475
0 0.481205325 0.8639271984375 0.4806196984375 0.64438131875 0.401924146875 0.6457981 0.386579446875 0.8578680625 0.481205325 0.8639271984375
0 0.48291032500000003 0.5897510140625 0.485467765625 0.45493511093750005 0.4240887875 0.47159770781250004 0.41044902656250004 0.59429539375 0.48291032500000003 0.5897510140625
0 0.48887770625 0.586721446875 0.5704634484375 0.5836174296875 0.5485515640624999 0.4428167875 0.4914350859375 0.4413020828125 0.48887770625 0.586721446875
0 0.5724213234375 0.586721446875 0.6495650109375 0.5784090953125001 0.6176028046875001 0.418580296875 0.5570765640625 0.4246393265625 0.5724213234375 0.586721446875
0 0.6218654828125 0.41403591874999995 0.6551124421875001 0.5761179859375 0.7140181359375 0.5627840953125001 0.7147864796875 0.5594552296875 0.6806869625 0.42160986562499997 0.6218654828125 0.41403591874999995
0 0.9103071984375 0.5523674296875 0.8554466375 0.426154190625 0.80855991875 0.4367576515625 0.8562990781250001 0.55491095625 0.9103071984375 0.5523674296875
0 0.9551871578125001 0.53673355 0.90062835625 0.4200950546875 0.8588562796874999 0.435242946875 0.9134156765625001 0.548851821875 0.9551871578125001 0.53673355
0 1 0.7624365953125001 0.9321703171875001 0.598839665625 0.8793160390624999 0.6018693390625 0.9424000781249999 0.780614003125 1 0.7624365953125001
0 0.8048384484375 0.6096590953125001 0.8724960390625001 0.8003062203125 0.93472775625 0.7745548671875 0.8801687171875001 0.6003545296875 0.8048384484375 0.6096590953125001
0 0.7423384484375 0.6096590953125001 0.788100159375 0.809394765625 0.86823371875 0.794247084375 0.809412359375 0.607928475 0.7423384484375 0.6096590953125001
0 0.6883594015625001 0.8306018984374999 0.6573775109375 0.6218118734375 0.5775360843749999 0.6185319359375 0.5852086421875 0.8381758453125 0.6883594015625001 0.8306018984374999
0 0.5835036437500001 0.8351460124999999 0.5685103234375 0.62875631875 0.48291032500000003 0.62913534375 0.488025146875 0.8472643906249999 0.5835036437500001 0.8351460124999999