1 0.2493292296875 0.5685440390625 0.33031528906249996 0.59278058125 0.356742428125 0.4700830046875 0.28769095 0.45190554374999997 0.2493292296875 0.5685440390625
1 0.2766086890625 0.85938276875 0.3106978234375 0.64264520625 0.2356894703125 0.6321650187500001 0.1896551921875 0.827572278125 0.2766086890625 0.85938276875
1 0.3772020078125 0.8563532531250001 0.3925467078125 0.6397389640625 0.3141181484375 0.617017071875 0.2800186296875 0.8412052546875 0.3772020078125 0.8563532531250001
1 0.6517024421875 0.6094430734375 0.6905806359375 0.8336174296875001 0.777017840625 0.801820925 0.7352461203125 0.6003545296875 0.6517024421875 0.6094430734375
1 0.7286665734375 0.561047984375 0.7863952796875 0.557940525 0.7667880796875 0.4367576515625 0.6977367203125 0.4534202484375 0.7286665734375 0.561047984375
0 0.1845403109375 0.5730883109375 0.2612640484375 0.5821771203125 0.292806009375 0.4534202484375 0.23227952968749999 0.45493511093750005 0.1845403109375 0.5730883109375
0 0.16226032343750002 0.632228540625 0.1035541328125 0.8078800609375 0.18539281093749999 0.8457496859375 0.2263120296875 0.6382241546875 0.16226032343750002 0.632228540625
0 0.485467765625 0.8608973671875001 0.4835493859375 0.64264520625 0.40533402656249995 0.64125366875 0.384874328125 0.8669565015625 0.485467765625 0.8608973671875001
0 0.5920285234375 0.8548382312499999 0.5690113234374999 0.6321650187500001 0.488025146875 0.636709290625 0.487172765625 0.8563532531250001 0.5920285234375 0.8548382312499999
0 0.4121540265625 0.595810096875 0.4095965265625 0.5821771203125 0.4240887875 0.4534202484375 0.36015224843750004 0.4428167875 0.33031528906249996 0.595810096875 0.4121540265625 0.595810096875
0 0.48887770625 0.43978721875 0.4292037265625 0.43372803125 0.3993667078125 0.586721446875 0.4855025109375 0.59577020625 0.486320265625 0.59429539375 0.486320265625 0.595810096875 0.48887770625 0.43978721875
0 0.48291032500000003 0.598839665625 0.5714400109375 0.592297984375 0.54769924375 0.4322133265625 0.4922876453125 0.435242946875 0.48291032500000003 0.598839665625
0 0.5749787640624999 0.5897510140625 0.6495650109375 0.5784090953125001 0.6184556015625 0.42160986562499997 0.5562241234374999 0.426154190625 0.570716084375 0.579147446875 0.5749787640624999 0.5897510140625
0 0.7198775109375 0.561047984375 0.6823917234375 0.426154190625 0.6252754828125 0.4246393265625 0.6559647640625 0.5776326375 0.7198775109375 0.561047984375
0 0.7983300390625 0.5730883109375 0.8588562796874999 0.5609700937500001 0.80855991875 0.438272515625 0.7659356390625 0.43978721875 0.7983300390625 0.5730883109375
0 0.9151900109375 0.55063131875 0.8460691984375 0.42160986562499997 0.80855991875 0.4246393265625 0.8656761609375 0.5594552296875 0.9151900109375 0.55063131875
0 0.9142681171874999 0.557940525 0.9601118859375 0.55063131875 0.9108579984375 0.43978721875 0.8545938390625001 0.4458464078125 0.9142681171874999 0.557940525
0 0.9330226375 0.607928475 0.8790571984375 0.61139520625 0.9432526359375 0.7866731390624999 0.9995166765624999 0.7624365953125001 0.9330226375 0.607928475
0 0.8165571984375 0.6096590953125001 0.8716438390624999 0.80636535625 0.9381377562500001 0.7866731390624999 0.8818735984374999 0.6048988015625001 0.8165571984375 0.6096590953125001
0 0.8520366375 0.80636535625 0.8639713984374999 0.794247084375 0.8009321984375 0.6061868734375 0.7454758796875 0.6200467453125 0.79065771875 0.818483628125 0.8520366375 0.80636535625
0 0.5835036437500001 0.62459101875 0.5792525109375 0.64264520625 0.5997006046875 0.8533235265625001 0.6926218421875 0.8412052546875 0.6593748828125 0.6230762078125001 0.5835036437500001 0.62459101875