1 0.18880275 0.8563532531250001 0.22716458906249998 0.6397389640625 0.15981823125 0.6200467453125 0.10440651249999999 0.8139391953124999 0.18880275 0.8563532531250001
1 0.181130371875 0.8260575734375 0.2706587609375 0.850978540625 0.3132655296875 0.647312909375 0.2314270296875 0.62459101875 0.181130371875 0.8260575734375
1 0.257001609375 0.5852065828125 0.3252004671875 0.59278058125 0.35247986875000004 0.460994246875 0.290248509375 0.46250895156249994 0.257001609375 0.5852065828125
1 0.18081501093750002 0.58014520625 0.2501817296875 0.58823625625 0.2825761890625 0.4700830046875 0.2348369703125 0.4564498171875 0.18081501093750002 0.58014520625
1 0.3294629078125 0.58823625625 0.40789158593749997 0.59126571875 0.415563965625 0.4579646796875 0.356742428125 0.4564498171875 0.3294629078125 0.58823625625
1 0.4835493859375 0.6409090953125001 0.4948451453125 0.85938276875 0.59117584375 0.8518089281250001 0.569863884375 0.62610588125 0.4835493859375 0.6409090953125001
1 0.487172765625 0.57005874375 0.5665571984375 0.58014520625 0.5528138859375 0.4428167875 0.49058270625 0.435242946875 0.487172765625 0.57005874375
1 0.6559647640625 0.574603175 0.7208540734375 0.5714646515624999 0.6875068421874999 0.42766889375000006 0.62698024375 0.438272515625 0.6559647640625 0.574603175
1 0.7258688015625 0.5670291765625 0.793215159375 0.565514365625 0.7514433203124999 0.426154190625 0.6960316015625 0.42918375781250007 0.7258688015625 0.5670291765625
1 0.7991824796875 0.5564257687499999 0.8517134484375 0.5575757625 0.809412359375 0.41706548593750004 0.7591156406249999 0.4200950546875 0.7991824796875 0.5564257687499999
1 0.8571513984375001 0.55036663125 0.9083540734375 0.54889520625 0.867381396875 0.40191754218750003 0.8162322390625001 0.40191754218750003 0.8571513984375001 0.55036663125
1 0.9454634484375 0.7815340953125001 1 0.7563773546875 0.935580196875 0.5821771203125 0.883578359375 0.5821771203125 0.9454634484375 0.7815340953125001
1 0.875906278125 0.801820925 0.9398425187500001 0.7624365953125001 0.8818735984374999 0.5715735015625001 0.81026468125 0.6003545296875 0.875906278125 0.801820925
1 0.782132840625 0.8139391953124999 0.7463284390625 0.6094430734375 0.663637321875 0.6185319359375 0.700293921875 0.818483628125 0.782132840625 0.8139391953124999
1 0.9142134484375 0.5436868734375 0.9620070390625 0.5458221484375 0.9202355578124999 0.4413020828125 0.8929557984375001 0.4413020828125 0.9142134484375 0.5436868734375
0 0.39510426718749997 0.6397389640625 0.32264296875 0.6457981 0.28598612968750003 0.832116709375 0.37293962812500003 0.8608973671875001 0.39510426718749997 0.6397389640625
0 0.487172765625 0.6351944796875 0.4024946984375 0.6339646515624999 0.386579446875 0.8472643906249999 0.481205325 0.8578680625 0.487172765625 0.6351944796875
0 0.6495650109375 0.5749368734375 0.624422684375 0.4367576515625 0.5579290046875001 0.44433164999999997 0.5715688828125 0.5852065828125 0.6495650109375 0.5749368734375
0 0.575831203125 0.62913534375 0.593733403125 0.8306018984374999 0.6900644 0.8381758453125 0.6568174421874999 0.6048988015625001 0.575831203125 0.62913534375
0 0.867381396875 0.8048505453124999 0.8119695609375001 0.6109579359375 0.7569868859375 0.6096590953125001 0.7429182015625 0.6003545296875 0.782132840625 0.8139391953124999 0.867381396875 0.8048505453124999