0 0.239099409375 0.6397389640625 0.17090054999999998 0.633679828125 0.10525913281249999 0.8245427640624999 0.1845403109375 0.8502941171874999 0.239099409375 0.6397389640625
0 0.23313197031250002 0.438272515625 0.18472126093750002 0.585353540625 0.2501817296875 0.598839665625 0.29877326875 0.44433164999999997 0.23313197031250002 0.438272515625
0 0.2714938703125 0.8502941171874999 0.3175280875 0.6397389640625 0.24080423125 0.6397389640625 0.1990325703125 0.8290868765624999 0.2714938703125 0.8502941171874999
0 0.486320265625 0.85938276875 0.4845259484375 0.639172984375 0.4010717078125 0.633679828125 0.3797595671875 0.8608973671875001 0.486320265625 0.85938276875
0 0.35844736875 0.4579646796875 0.3233931359375 0.5940340953125001 0.403629146875 0.59278058125 0.4164164078125 0.46402386875 0.35844736875 0.4579646796875
0 0.4121540265625 0.59429539375 0.481205325 0.59278058125 0.485467765625 0.45039078593750004 0.4249412859375 0.4564498171875 0.4121540265625 0.59429539375
0 0.487172765625 0.59126571875 0.5715688828125 0.5852065828125 0.5536666828125 0.4413020828125 0.48973020468749995 0.435242946875 0.487172765625 0.59126571875
0 0.5570765640625 0.4367576515625 0.5690113234374999 0.5821771203125 0.6485884484375 0.5784090953125001 0.6517024421875 0.59126571875 0.6167506031250001 0.4322133265625 0.5570765640625 0.4367576515625
0 0.7189009484375 0.5732007625 0.6909168421875 0.426154190625 0.6184556015625 0.42160986562499997 0.6534072046875 0.5836918796874999 0.7189009484375 0.5732007625
0 0.8624556359375 0.5714646515624999 0.8077071218749999 0.4306984625 0.7591156406249999 0.4322133265625 0.79065771875 0.5639996609375 0.8624556359375 0.5714646515624999
0 0.9112837609375 0.5523674296875 0.8597089578125001 0.42918375781250007 0.80685491875 0.43372803125 0.8639713984374999 0.5594552296875 0.9112837609375 0.5523674296875
0 0.9581587609375 0.5436868734375 0.9074482375 0.4246393265625 0.8614137203125001 0.426154190625 0.9151204375 0.55036663125 0.9581587609375 0.5436868734375
0 0.8790571984375 0.607922984375 0.940695196875 0.7700104359375 0.9926967953125001 0.7533478390624999 0.93472775625 0.5836918796874999 0.8790571984375 0.607922984375
0 0.8048384484375 0.6027146515624999 0.86823371875 0.7957617890625001 0.9415473984375 0.7790991921875 0.8750535984375001 0.5973248546875001 0.8048384484375 0.6027146515624999
0 0.7429182015625 0.6094430734375 0.7364790734375 0.616603540625 0.7855426015625 0.809394765625 0.8631189578124999 0.785158328125 0.8077071218749999 0.6018693390625 0.7429182015625 0.6094430734375
0 0.6603071984375 0.6252840953125001 0.6960316015625 0.8336314140625 0.7829850421875 0.8154539015625 0.736098321875 0.6109579359375 0.6603071984375 0.6252840953125001
0 0.580946203125 0.6306501546875001 0.593733403125 0.8502941171874999 0.694326721875 0.8290868765624999 0.6559647640625 0.6215615046875 0.580946203125 0.6306501546875001
0 0.488025146875 0.6427683734375 0.4982550859375 0.8563532531250001 0.5894710828124999 0.84877930625 0.5724213234375 0.6306501546875001 0.488025146875 0.6427683734375
1 0.2560103234375 0.592297984375 0.3252004671875 0.6003545296875 0.35247986875000004 0.4564498171875 0.3004783890625 0.4458464078125 0.2560103234375 0.592297984375
1 0.3933993265625 0.633679828125 0.30729826875 0.617017071875 0.28683856875 0.8412052546875 0.37208718749999997 0.8502941171874999 0.3933993265625 0.633679828125
1 0.69347428125 0.41706548593750004 0.7257368859375 0.5749368734375 0.791510159375 0.5609700937500001 0.7531483203125 0.40797673124999995 0.69347428125 0.41706548593750004