0 0.2203125 0.52421875 0.03125 0.00078125
0 0.246474278125 0.52257964375 0.21113876562499997 0.5218039828125 0.195325159375 0.657206334375 0.235107771875 0.6589103781250001 0.246474278125 0.52257964375
0 0.26875 0.5921875 0.03984375 0.1296875
0 0.3396794234375 0.6742475953125 0.2983783484375 0.6761008578125 0.2862569703125 0.8225072796875 0.331722678125 0.8225072796875 0.3396794234375 0.6742475953125
0 0.43288448749999997 0.67765591875 0.39733668125 0.6761008578125 0.389691875 0.8242113234374999 0.431747821875 0.8242113234374999 0.43288448749999997 0.67765591875
0 0.4397044078125 0.5259879078125 0.398638765625 0.5257102328125 0.3942384625 0.657206334375 0.435157821875 0.6589103781250001 0.4397044078125 0.5259879078125
0 0.44425099375 0.67765591875 0.441607515625 0.8206321078125001 0.486306940625 0.8225072796875 0.486306940625 0.6759515171875 0.44425099375 0.67765591875
0 0.23057443437499997 0.22719184218750002 0.191372028125 0.22615449375000002 0.1818375734375 0.3487526796875 0.223190053125 0.3480884171875 0.23057443437499997 0.22719184218750002
0 0.235867134375 0.2297276375 0.2282114171875 0.35465054218750003 0.2680870390625 0.35863613125 0.2759144796875 0.227775565625 0.235867134375 0.2297276375
0 0.2808697890625 0.230488959375 0.2742899109375 0.352214871875 0.31505165156250003 0.35819329375 0.32036840624999996 0.2284398359375 0.2808697890625 0.230488959375
0 0.47734375 0.29296875 0.040625 0.125
0 0.5234375 0.29453125 0.03515625 0.12109375
0 0.56953125 0.2984375 0.0421875 0.12734375
0 0.703125 0.29296875 0.04375 0.1125
0 0.4625 0.59453125 0.046875 0.13828125
0 0.5609375 0.59453125 0.04765625 0.13515625
0 0.56328125 0.74765625 0.05390625 0.1546875
0 0.5125 0.74453125 0.0421875 0.146875
0 0.7699826609375 0.2350709171875 0.78054605 0.3624980859375 0.8207024125 0.363392234375 0.8101663421874999 0.2373195046875 0.7699826609375 0.2350709171875
0 0.9103365875 0.3624980859375 0.8995597406250001 0.234729325 0.8596441562500001 0.23880973593750002 0.8699814421875001 0.365180465625 0.9103365875 0.3624980859375
0 0.9920384484375001 0.23791559843750001 0.9507984796875 0.236778875 0.9642097187499999 0.36190200781250004 0.9997914124999999 0.359815684375 0.9991950078125 0.30437945312500003 0.9920384484375001 0.23791559843750001
0 0.997207090625 0.8285912874999999 0.9776703515625 0.6746993015625 0.9304123531249999 0.6745024609375 0.9453218765625 0.8256108781249999 0.997207090625 0.8285912874999999
0 0.942936365625 0.8276972015625 0.9257484296875 0.6746993015625 0.8858824796875 0.673906371875 0.8956234171874999 0.8268030749999999 0.942936365625 0.8276972015625
0 0.8745096890624999 0.5284981 0.8840933609375 0.664246190625 0.9264364640625 0.667226640625 0.9147076265624999 0.5286360593749999 0.8745096890624999 0.5284981
0 0.7786363140625 0.5281565078125 0.7854668234375 0.66603444375 0.829599059375 0.6681207671875 0.8186653953125 0.5241653937499999 0.7786363140625 0.5281565078125
0 0.785468146875 0.6699170203125 0.7948101375000001 0.8249033859375 0.8421230874999999 0.8246052953125 0.8292014796875 0.6734969093750001 0.785468146875 0.6699170203125
0 0.6868620390625 0.6702586109374999 0.6905445234375 0.8210288078125 0.73885143125 0.8204327109375 0.7342791796875 0.6720066625000001 0.6868620390625 0.6702586109374999
0 0.6875626078125 0.8216248875 0.6832183953125 0.670600203125 0.6362737984375 0.6702184203125 0.6404484703125 0.8198366328125 0.6875626078125 0.8216248875
0 0.6303855609375 0.521324675 0.6358762046875001 0.6649632984375 0.6841831109375 0.6637711234375 0.6780205109375 0.5213059859375 0.6303855609375 0.521324675
0 0.6827629390625 0.5226910421875 0.686369853125 0.664367221875 0.7326888296875 0.6649632984375 0.7271225921875 0.52309425 0.6827629390625 0.5226910421875
0 0.7317244015625 0.52234945 0.7368635015625 0.6640691296875 0.7811944921875 0.667347671875 0.77344155625 0.523988365625 0.7317244015625 0.52234945
1 0.781989709375 0.672043446875 0.7385562343750001 0.670600203125 0.7446164515625 0.82344989375 0.7887487015625 0.8240460125 0.781989709375 0.672043446875
1 0.2355225359375 0.669171425 0.191100184375 0.6727156578125 0.18161149375000002 0.8212691140624999 0.23100781874999998 0.819676525 0.2355225359375 0.669171425
1 0.24190572187499998 0.6676959484375 0.2328668140625 0.8208709734375 0.2825286953125 0.819676525 0.2894335234375 0.669171425 0.24190572187499998 0.6676959484375
1 0.3435167984375 0.669064959375 0.3361741609375 0.8224636468750001 0.3829148 0.8264452734375001 0.38902288125 0.669967746875 0.3435167984375 0.669064959375
1 0.293319709375 0.6640452515625 0.3361741609375 0.6644191421875 0.34281346875 0.5170993578124999 0.3008531625 0.5190901734375 0.293319709375 0.6640452515625
1 0.345734675 0.521479146875 0.34169145 0.6654142640625 0.38981962812500004 0.665215478125 0.3916785671875 0.5218773078125001 0.345734675 0.521479146875
1 0.49045736562500003 0.525318753125 0.490129534375 0.664021 0.535276790625 0.664021 0.5350112328125001 0.522275465625 0.49045736562500003 0.525318753125
1 0.5862881703125 0.526687765625 0.5886567 0.6588449125 0.6332727296875 0.6608357109375 0.6290235875 0.5246644328125 0.5862881703125 0.526687765625
1 0.58933041875 0.670890309375 0.5913124234375 0.8259209390625 0.637521871875 0.82631910625 0.632741578125 0.66824895625 0.58933041875 0.670890309375
1 0.880965665625 0.6749255109375001 0.8327102406250001 0.671346646875 0.8440512109375 0.8106985953124999 0.8915885953125 0.814282025 0.880965665625 0.6749255109375001
1 0.8226708234375 0.5216680546875 0.8313038578124999 0.665674046875 0.8814968921874999 0.6664704125 0.8722018984375 0.5287064859374999 0.8226708234375 0.5216680546875
1 0.917893178125 0.524406078125 0.930627621875 0.6672666921875 0.9788237343749999 0.6672666921875 0.9628894703125 0.5279101640625 0.917893178125 0.524406078125
1 0.9458440578125 0.23656866562499998 0.9038570109374999 0.23683540625 0.9141758578125 0.362467903125 0.9597211390625 0.362734625 0.9458440578125 0.23656866562499998
1 0.865784 0.3622011625 0.8558114765625 0.23452843906249998 0.8140118359375 0.23336783906249997 0.8225515796874999 0.3619343859375 0.865784 0.3622011625
1 0.725375853125 0.237279815625 0.7321861734375 0.3552660328125 0.775062790625 0.3568664546875 0.7661672328125 0.2373688765625 0.725375853125 0.237279815625
1 0.6361089734375 0.2369741078125 0.6407700625 0.3590003390625 0.682935025 0.3584668390625 0.678665159375 0.23630193125 0.6361089734375 0.2369741078125
1 0.637745571875 0.3584668390625 0.6330518890625 0.23636269062499998 0.5925561203124999 0.23443478125 0.5939793828125 0.359267059375 0.637745571875 0.3584668390625
1 0.4121265515625 0.23238847968749998 0.4124760328125 0.359267059375 0.45464093281249995 0.3587335984375 0.45499681093750005 0.230433746875 0.4121265515625 0.23238847968749998
1 0.408561984375 0.356332975 0.409477078125 0.23147135468750002 0.3694215140625 0.23096721874999998 0.3667528515625 0.3552660328125 0.408561984375 0.356332975
1 0.3608817703125 0.3590003390625 0.3654550546875 0.23024852031249998 0.3242320671875 0.2301670125 0.3188947296875 0.3549992734375 0.3608817703125 0.3590003390625
1 0.184817184375 0.2289652546875 0.1626190109375 0.227166290625 0.14094373124999998 0.2454401984375 0.13442136093749998 0.3490462640625 0.17431800625 0.3485965140625 0.184817184375 0.2289652546875