0 0.18667438593750002 0.592297984375 0.25103416875 0.59126571875 0.284281009375 0.4746273296875 0.228869590625 0.460994246875 0.18667438593750002 0.592297984375
0 0.4024946984375 0.5870896515624999 0.41897390625 0.46402386875 0.3592998078125 0.46402386875 0.32434796875 0.598839665625 0.4024946984375 0.5870896515624999
0 0.481205325 0.5836918796874999 0.4845259484375 0.5940340953125001 0.48973020468749995 0.45190554374999997 0.4274987265625 0.45190554374999997 0.4113015265625 0.59429539375 0.481205325 0.5836918796874999
0 0.5636275109375 0.58014520625 0.5511091234375 0.4246393265625 0.488025146875 0.4246393265625 0.49058270625 0.59126571875 0.5636275109375 0.58014520625
0 0.6446821984375 0.569728540625 0.6201603640625 0.4322133265625 0.5511091234375 0.4246393265625 0.570716084375 0.5821771203125 0.6446821984375 0.569728540625
0 0.7198775109375 0.561047984375 0.6849492828125 0.4155507296875 0.61589804375 0.4155507296875 0.6542600015625 0.5852065828125 0.7198775109375 0.561047984375
0 0.8565962609375 0.5558396515624999 0.81026468125 0.4200950546875 0.75655808125 0.42160986562499997 0.7923624796875 0.5639996609375 0.8565962609375 0.5558396515624999
0 0.9190962609375 0.54889520625 0.8588562796874999 0.435242946875 0.809412359375 0.4322133265625 0.8588562796874999 0.5427926859375 0.9190962609375 0.54889520625
0 0.9577447171875001 0.53673355 0.90062835625 0.42766889375000006 0.8562990781250001 0.42918375781250007 0.911710678125 0.55036663125 0.9577447171875001 0.53673355
0 0.9330226375 0.77758416875 0.9995166765624999 0.760921784375 0.933875315625 0.5973248546875001 0.9270554375 0.595810096875 0.883578359375 0.6018693390625 0.9330226375 0.77758416875
0 0.80855991875 0.59278058125 0.8077071218749999 0.6064136640625 0.874201278125 0.7957617890625001 0.9364327578125 0.7654661093749999 0.87846371875 0.5806623109375 0.80855991875 0.59278058125
0 0.736098321875 0.59429539375 0.7395085609375001 0.6109579359375 0.7829850421875 0.80636535625 0.8648239578125001 0.785158328125 0.806002359375 0.59429539375 0.736098321875 0.59429539375
0 0.59117584375 0.832116709375 0.6917691625 0.8260575734375 0.6583540734375 0.62875631875 0.6593748828125 0.6185319359375 0.5766837625 0.617017071875 0.59117584375 0.832116709375
0 0.483762825 0.84423498125 0.5903235234374999 0.8427201703125 0.5741263234375 0.6215615046875 0.48973020468749995 0.6321650187500001 0.483762825 0.84423498125
0 0.40277664687500003 0.6276205859374999 0.384874328125 0.8624123890625001 0.48205782499999994 0.8548382312499999 0.486320265625 0.62913534375 0.40277664687500003 0.6276205859374999
1 0.2569868859375 0.58014520625 0.3252004671875 0.5852065828125 0.3541849875 0.46250895156249994 0.2970684484375 0.45190554374999997 0.2569868859375 0.58014520625
1 0.190507571875 0.83969055 0.2305744109375 0.6321650187500001 0.1615231125 0.61550236875 0.110374071875 0.8154539015625 0.190507571875 0.83969055
1 0.2800186296875 0.8533235265625001 0.3194868859375 0.6339646515624999 0.2314270296875 0.62610588125 0.1956226296875 0.8457496859375 0.2800186296875 0.8533235265625001
1 0.37464462656249997 0.8624123890625001 0.3959567671875 0.6397389640625 0.3132655296875 0.62610588125 0.2851336296875 0.8457496859375 0.37464462656249997 0.8624123890625001
1 0.663637321875 0.6230762078125001 0.6974165734375 0.8249368734375 0.777017840625 0.7987914093749999 0.7292784421875 0.6094430734375 0.663637321875 0.6230762078125001
1 0.73098368125 0.57005874375 0.7911665734375 0.5575757625 0.7514433203124999 0.42160986562499997 0.6926218421875 0.42766889375000006 0.73098368125 0.57005874375