1 0.2560103234375 0.5905618734375 0.32434796875 0.59278058125 0.3541849875 0.46856814062499996 0.2953633296875 0.45190554374999997 0.2560103234375 0.5905618734375
1 0.6926218421875 0.44736121874999996 0.7315962609375 0.5714646515624999 0.7855426015625 0.55188123125 0.74888588125 0.435242946875 0.6926218421875 0.44736121874999996
0 0.23227952968749999 0.45493511093750005 0.18179157343750002 0.592297984375 0.2493292296875 0.5897510140625 0.2962159484375 0.45190554374999997 0.23227952968749999 0.45493511093750005
0 0.239099409375 0.6457981 0.1674906109375 0.6276205859374999 0.10525913281249999 0.8245427640624999 0.1845403109375 0.8412052546875 0.239099409375 0.6457981
0 0.27916625 0.8457496859375 0.3124130890625 0.647312909375 0.24080423125 0.6382241546875 0.193917571875 0.8199983312500001 0.27916625 0.8457496859375
0 0.28342862812499997 0.8502941171874999 0.37464462656249997 0.8684715234375 0.3985142078125 0.6457981 0.3098557078125 0.6442832890625 0.28342862812499997 0.8502941171874999
0 0.375497128125 0.8533235265625001 0.479500384375 0.8821046062500001 0.488025146875 0.62459101875 0.4070390875 0.6230762078125001 0.375497128125 0.8533235265625001
0 0.48973020468749995 0.84877930625 0.5783887640625001 0.8563532531250001 0.57327364375 0.6321650187500001 0.485467765625 0.62913534375 0.48973020468749995 0.84877930625
0 0.587766084375 0.8457496859375 0.6915571984375 0.835353540625 0.6542600015625 0.6185319359375 0.5792412031249999 0.6276205859374999 0.587766084375 0.8457496859375
0 0.7805107812500001 0.8249848921874999 0.7804278390625 0.8245427640624999 0.7812802796875 0.823027953125 0.7352461203125 0.6139876109375 0.661932321875 0.6215615046875 0.69517928125 0.8260575734375 0.7805107812500001 0.8249848921874999
0 0.7940673609375 0.832116709375 0.8702681359375 0.8110479843749999 0.8025924796874999 0.595810096875 0.737803559375 0.6124728 0.7940673609375 0.832116709375
0 0.8648239578125001 0.801820925 0.9441048390625 0.785158328125 0.874201278125 0.5897510140625 0.8119695609375001 0.603383990625 0.8648239578125001 0.801820925
0 0.8852835984375 0.6124728 0.9449576375 0.7730400562499999 0.9991743859375 0.76764520625 0.9969592359374999 0.760921784375 0.9219403187499999 0.5973248546875001 0.8852835984375 0.6124728
0 0.80685491875 0.435242946875 0.8575728234375 0.561047984375 0.9083004390625 0.5473369578125 0.86056151875 0.4322133265625 0.80685491875 0.435242946875
0 0.9620070390625 0.5473369578125 0.9014805593749999 0.4306984625 0.8597089578125001 0.438272515625 0.911710678125 0.5594552296875 0.9620070390625 0.5473369578125
0 0.8486267578125 0.557940525 0.8486267578125 0.55339609375 0.8008872421875 0.42766889375000006 0.75655808125 0.4306984625 0.7991824796875 0.565514365625 0.8486267578125 0.557940525
0 0.7241638 0.57005874375 0.6858019609375 0.4488759765625 0.624422684375 0.4458464078125 0.6508500015625 0.5852065828125 0.7241638 0.57005874375
0 0.569863884375 0.5776326375 0.5714400109375 0.5784090953125001 0.6568174421874999 0.574603175 0.615045603125 0.44736121874999996 0.5579290046875001 0.44433164999999997 0.569863884375 0.5776326375
0 0.485467765625 0.59126571875 0.5724213234375 0.5821771203125 0.5604865640625001 0.438272515625 0.4931401453125 0.438272515625 0.485467765625 0.59126571875
0 0.4113015265625 0.58823625625 0.4121540265625 0.586721446875 0.483762825 0.579147446875 0.48887770625 0.423124621875 0.4240887875 0.43978721875 0.4113015265625 0.58823625625
0 0.3294629078125 0.5852065828125 0.40021920624999996 0.595810096875 0.421531346875 0.45493511093750005 0.3541849875 0.45039078593750004 0.3294629078125 0.5852065828125