1 0.22734375 0.253125 0.09375 0.3578125
0 0.2328125 0.72109375 0.0953125 0.36015625
1 0.3453125 0.259375 0.096875 0.37265625
1 0.4625 0.25703125 0.10234375 0.3953125
1 0.57578125 0.26015625 0.09453125 0.38671875
1 0.6921875 0.25234375 0.09921875 0.3703125
1 0.80625 0.2546875 0.1 0.36484375
1 0.9203125 0.253125 0.10078125 0.36875
0 0.34609375 0.715625 0.0953125 0.38671875
0 0.4640625 0.71640625 0.0953125 0.3796875
0 0.575 0.7203125 0.09921875 0.38125
0 0.6875 0.71640625 0.090625 0.37265625
0 0.80703125 0.728125 0.09296875 0.378125
0 0.91953125 0.728125 0.09609375 0.38828125